%
% index = 1155, name = bbob_f006_i02_d03__bbob_f014_i04_d03
% instance = 1, reference value = 8.722370301384050e-01
% function evaluation | indicator value | target hit
1	2.378000876925908e-01	2.398832919019490e-01
4	2.044525864048344e-01	2.089296130854039e-01
17	1.684247084943807e-01	1.698243652461744e-01
49	1.504105217108923e-01	1.513561248436208e-01
327	1.433899358228470e-01	1.445439770745928e-01
442	1.401627428455212e-01	1.412537544622754e-01
739	1.308315289206483e-01	1.318256738556407e-01
782	1.223993487485421e-01	1.230268770812381e-01
908	1.043786067084305e-01	1.047128548050900e-01
1007	9.366823702487703e-02	9.549925860214359e-02
1069	9.330041410598056e-02	9.332543007969910e-02
1532	8.409488981558888e-02	8.511380382023763e-02
1546	8.148824213658001e-02	8.317637711026708e-02
1649	6.545037619433591e-02	6.606934480075961e-02
1869	6.033945757135295e-02	6.165950018614822e-02
1998	5.279918280125473e-02	5.370317963702527e-02
2079	5.204965955646446e-02	5.248074602497726e-02
2219	5.096566510274647e-02	5.128613839913648e-02
2228	4.891973673569894e-02	4.897788193684462e-02
2501	4.724548095332359e-02	4.786300923226382e-02
2747	4.672951569728379e-02	4.677351412871981e-02
3165	4.382124863523462e-02	4.466835921509630e-02
3341	4.363233373628717e-02	4.365158322401658e-02
3607	4.252649295662647e-02	4.265795188015926e-02
3792	4.163766539175817e-02	4.168693834703355e-02
3907	4.019363781496532e-02	4.073802778041128e-02
4312	3.861003563704868e-02	3.890451449942807e-02
4362	3.799714141481481e-02	3.801893963205612e-02
4449	3.381486219992769e-02	3.388441561392026e-02
4493	3.224279102805849e-02	3.235936569296283e-02
4709	3.155536868210496e-02	3.162277660168379e-02
4810	3.059946339410424e-02	3.090295432513590e-02
4960	3.006173188080508e-02	3.019951720402016e-02
5101	2.998579888528674e-02	3.019951720402016e-02
%
% index = 1156, name = bbob_f006_i03_d03__bbob_f014_i05_d03
% instance = 2, reference value = 8.620957064524710e-01
% function evaluation | indicator value | target hit
1	3.837061545007295e-01	3.890451449942806e-01
4	2.896813092226164e-01	2.951209226666385e-01
5	1.926442841905015e-01	1.949844599758045e-01
22	1.905189902690614e-01	1.905460717963247e-01
63	1.747237422702426e-01	1.778279410038923e-01
85	1.737488832635103e-01	1.737800828749375e-01
94	1.609317197264943e-01	1.621810097358930e-01
107	1.569448940915172e-01	1.584893192461113e-01
177	1.397023550565888e-01	1.412537544622754e-01
216	1.317924782918976e-01	1.318256738556407e-01
247	1.230502263445544e-01	1.258925411794167e-01
249	1.230223266096713e-01	1.230268770812381e-01
325	1.175504435884324e-01	1.202264434617413e-01
351	1.056953751425328e-01	1.071519305237607e-01
355	9.986467576812308e-02	1.000000000000000e-01
382	9.760513803175375e-02	9.772372209558107e-02
508	6.988660990379070e-02	7.079457843841380e-02
519	6.609000328012016e-02	6.760829753919818e-02
526	6.498193660609441e-02	6.606934480075961e-02
543	6.398518132917552e-02	6.456542290346556e-02
560	6.098942775283278e-02	6.165950018614822e-02
628	5.984903364093630e-02	6.025595860743578e-02
632	5.767008335777035e-02	5.888436553555890e-02
644	5.721121698701714e-02	5.754399373371569e-02
645	5.568675761143282e-02	5.623413251903491e-02
656	5.381969347409843e-02	5.495408738576246e-02
699	5.367030039108445e-02	5.370317963702527e-02
736	5.242535908832446e-02	5.248074602497726e-02
750	4.849993793985896e-02	4.897788193684462e-02
832	4.674296475928308e-02	4.677351412871981e-02
1003	3.583471338393185e-02	3.630780547701014e-02
1117	3.535919694355594e-02	3.548133892335755e-02
1269	3.411764425032993e-02	3.467368504525317e-02
1293	3.383524996306553e-02	3.388441561392026e-02
1460	3.276181363744501e-02	3.311311214825911e-02
1544	3.208778232532550e-02	3.235936569296283e-02
1619	3.089215419230917e-02	3.090295432513590e-02
1635	2.809906532611661e-02	2.818382931264454e-02
1732	2.693656105154718e-02	2.754228703338166e-02
1746	2.689912139587980e-02	2.691534803926915e-02
1860	2.585148861231368e-02	2.630267991895381e-02
1932	2.557084557441669e-02	2.570395782768863e-02
2116	2.435386034643605e-02	2.454708915685030e-02
2181	2.369485255638104e-02	2.398832919019490e-02
2208	2.336062147122298e-02	2.344228815319923e-02
2459	2.287438385138396e-02	2.290867652767773e-02
2604	2.186119592768243e-02	2.187761623949553e-02
2738	2.056170338278218e-02	2.089296130854040e-02
2831	2.024481552486701e-02	2.041737944669529e-02
2861	1.991275406417270e-02	1.995262314968880e-02
3216	1.945694978277257e-02	1.949844599758046e-02
3323	1.848301514594319e-02	1.862087136662868e-02
3525	1.794191689332503e-02	1.819700858609984e-02
3709	1.774153247231058e-02	1.778279410038923e-02
3814	1.648944918783091e-02	1.659586907437561e-02
3941	1.599922177756763e-02	1.621810097358930e-02
4125	1.582121983999485e-02	1.584893192461113e-02
4247	1.503137695992274e-02	1.513561248436208e-02
4983	1.474960596205077e-02	1.479108388168207e-02
5101	1.460239264443275e-02	1.479108388168207e-02
%
% index = 1157, name = bbob_f006_i07_d03__bbob_f014_i08_d03
% instance = 3, reference value = 8.803443202385490e-01
% function evaluation | indicator value | target hit
1	4.476407817271659e-01	4.570881896148750e-01
29	4.452031365956925e-01	4.466835921509631e-01
63	4.230291199541064e-01	4.265795188015927e-01
199	3.878064473027443e-01	3.890451449942806e-01
216	2.617987045403871e-01	2.630267991895382e-01
219	2.193953960931487e-01	2.238721138568339e-01
232	1.949917062840656e-01	1.995262314968880e-01
314	1.796384052264430e-01	1.819700858609984e-01
324	1.728845829055956e-01	1.737800828749375e-01
327	1.697023404288341e-01	1.698243652461744e-01
360	1.550028565916781e-01	1.584893192461113e-01
428	1.328320009437989e-01	1.348962882591654e-01
482	1.160977753424753e-01	1.174897554939529e-01
535	1.118788861462425e-01	1.122018454301964e-01
537	1.025104841547233e-01	1.047128548050900e-01
555	1.009855054470329e-01	1.023292992280754e-01
592	9.994696382371326e-02	1.000000000000000e-01
768	9.707387255770039e-02	9.772372209558107e-02
807	9.329565714796528e-02	9.332543007969910e-02
819	7.069506680258431e-02	7.079457843841380e-02
872	6.829775110791925e-02	6.918309709189366e-02
889	6.646683389419195e-02	6.760829753919818e-02
936	6.591391571545491e-02	6.606934480075961e-02
950	6.063982695804948e-02	6.165950018614822e-02
1019	5.873619138362252e-02	5.888436553555890e-02
1029	4.602025823317080e-02	4.677351412871981e-02
1052	4.503259676612803e-02	4.570881896148749e-02
1408	4.330374917821944e-02	4.365158322401658e-02
1837	4.070556611562048e-02	4.073802778041128e-02
2378	3.827890980819137e-02	3.890451449942807e-02
2711	3.779936538999507e-02	3.801893963205612e-02
2929	3.645344941158091e-02	3.715352290971726e-02
3011	3.430061165908727e-02	3.467368504525317e-02
3671	3.384576699761810e-02	3.388441561392026e-02
3891	3.142937067932827e-02	3.162277660168379e-02
4012	3.058558395080135e-02	3.090295432513590e-02
4192	2.985582028993228e-02	3.019951720402016e-02
4235	2.899925699168937e-02	2.951209226666385e-02
4442	2.853001414306056e-02	2.884031503126606e-02
4479	2.634673218924632e-02	2.691534803926915e-02
4599	2.599803521510113e-02	2.630267991895381e-02
4838	2.567638967248298e-02	2.570395782768863e-02
4978	2.489861617675548e-02	2.511886431509579e-02
5101	2.489861617675548e-02	2.511886431509579e-02
%
% index = 1158, name = bbob_f006_i09_d03__bbob_f014_i10_d03
% instance = 4, reference value = 9.257570471335700e-01
% function evaluation | indicator value | target hit
1	2.457051560053870e-01	2.511886431509580e-01
5	2.119701236322641e-01	2.137962089502232e-01
15	1.868524499533556e-01	1.905460717963247e-01
19	1.769928770630514e-01	1.778279410038923e-01
35	1.682548673828101e-01	1.698243652461744e-01
40	1.552882600131270e-01	1.584893192461113e-01
59	1.351349849834330e-01	1.380384264602885e-01
79	1.290006411539534e-01	1.318256738556407e-01
86	1.158080728868126e-01	1.174897554939529e-01
104	9.881178091417853e-02	1.000000000000000e-01
114	8.358660242865878e-02	8.511380382023763e-02
135	7.849370078223183e-02	7.943282347242814e-02
171	7.630759048761149e-02	7.762471166286916e-02
173	7.577047666291403e-02	7.585775750291836e-02
215	6.180417550632888e-02	6.309573444801933e-02
237	5.324050369424349e-02	5.370317963702527e-02
286	5.143801748379140e-02	5.248074602497726e-02
308	5.100208495729230e-02	5.128613839913648e-02
310	4.320674031622440e-02	4.365158322401658e-02
406	4.243657105642662e-02	4.265795188015926e-02
442	3.974139725848413e-02	3.981071705534973e-02
485	3.567406037540999e-02	3.630780547701014e-02
514	3.495417644601340e-02	3.548133892335755e-02
532	3.442584677939731e-02	3.467368504525317e-02
591	3.237870719747793e-02	3.311311214825911e-02
608	3.221339813655777e-02	3.235936569296283e-02
643	3.005386395770437e-02	3.019951720402016e-02
649	2.830438340848174e-02	2.884031503126606e-02
705	2.815852246717410e-02	2.818382931264454e-02
720	2.638795268394944e-02	2.691534803926915e-02
721	2.303431625853436e-02	2.344228815319923e-02
812	2.281247096347805e-02	2.290867652767773e-02
903	2.131505571148107e-02	2.137962089502233e-02
904	2.086296020925715e-02	2.089296130854040e-02
980	1.999065502560249e-02	2.041737944669529e-02
1028	1.978887648746575e-02	1.995262314968880e-02
1093	1.902780397788384e-02	1.905460717963247e-02
1169	1.774567155105278e-02	1.778279410038923e-02
1363	1.661214471321160e-02	1.698243652461744e-02
1385	1.574618281340234e-02	1.584893192461113e-02
1726	1.501636790636596e-02	1.513561248436208e-02
1980	1.471363086603394e-02	1.479108388168207e-02
2172	1.438273553722169e-02	1.445439770745927e-02
2190	1.402434809037245e-02	1.412537544622754e-02
2536	1.376169476581346e-02	1.380384264602885e-02
2636	1.348878616421667e-02	1.348962882591653e-02
2850	1.295125512529238e-02	1.318256738556407e-02
2897	1.279495264215147e-02	1.288249551693134e-02
3328	1.253272339474110e-02	1.258925411794167e-02
3514	1.193051354393182e-02	1.202264434617413e-02
3570	1.089893777779782e-02	1.096478196143185e-02
3645	1.063245411361458e-02	1.071519305237606e-02
3944	1.014107796203478e-02	1.023292992280754e-02
4087	9.937533509914775e-03	1.000000000000000e-02
4189	9.755933203259848e-03	9.772372209558112e-03
4287	9.391968189159994e-03	9.549925860214359e-03
4440	9.292666873933264e-03	9.332543007969915e-03
4480	9.088291927976555e-03	9.120108393559097e-03
4635	8.869152024840843e-03	8.912509381337459e-03
4680	8.622732826087609e-03	8.709635899560805e-03
4905	8.493101009883208e-03	8.511380382023767e-03
5101	8.460355470321423e-03	8.511380382023767e-03
%
% index = 1159, name = bbob_f006_i11_d03__bbob_f014_i12_d03
% instance = 5, reference value = 8.409665185746420e-01
% function evaluation | indicator value | target hit
1	2.557251404404206e-01	2.570395782768864e-01
23	2.246072707599878e-01	2.290867652767773e-01
29	2.190898151789800e-01	2.238721138568339e-01
36	1.941324390057341e-01	1.949844599758045e-01
177	1.761859089111389e-01	1.778279410038923e-01
306	1.519077110385245e-01	1.548816618912481e-01
589	1.490123479452794e-01	1.513561248436208e-01
707	1.457333816997738e-01	1.479108388168208e-01
819	1.071494379322959e-01	1.071519305237607e-01
952	1.032257516439833e-01	1.047128548050900e-01
1127	8.902255211407084e-02	8.912509381337455e-02
1138	8.648326754913049e-02	8.709635899560805e-02
1175	7.841319115523504e-02	7.943282347242814e-02
1317	7.713521868473694e-02	7.762471166286916e-02
1503	7.443109787079538e-02	7.585775750291836e-02
1565	7.402223960364007e-02	7.413102413009177e-02
1654	6.465936662093874e-02	6.606934480075961e-02
1656	6.233111378445222e-02	6.309573444801933e-02
1873	6.084441562319143e-02	6.165950018614822e-02
2179	5.775791986823497e-02	5.888436553555890e-02
2382	5.737237290059582e-02	5.754399373371569e-02
2383	5.611041548451434e-02	5.623413251903491e-02
2543	5.308327436500992e-02	5.370317963702527e-02
2596	5.185768009902447e-02	5.248074602497726e-02
2672	4.790643307513709e-02	4.897788193684462e-02
2824	4.744864126316450e-02	4.786300923226382e-02
2902	4.478260842670501e-02	4.570881896148749e-02
3069	4.436286800615108e-02	4.466835921509630e-02
3314	4.364749343598973e-02	4.365158322401658e-02
3812	4.127039538706589e-02	4.168693834703355e-02
3822	3.592001868957051e-02	3.630780547701014e-02
3841	3.474719394454928e-02	3.548133892335755e-02
3958	3.202421540323930e-02	3.235936569296283e-02
4158	2.894026388779203e-02	2.951209226666385e-02
4192	2.881668490112765e-02	2.884031503126606e-02
4847	2.764883666034934e-02	2.818382931264454e-02
4876	2.750369692253274e-02	2.754228703338166e-02
5101	2.750369692253274e-02	2.754228703338166e-02
%
% index = 1160, name = bbob_f006_i13_d03__bbob_f014_i14_d03
% instance = 6, reference value = 8.504557095540251e-01
% function evaluation | indicator value | target hit
1	4.305175967001970e-01	4.365158322401660e-01
2	3.925439610075692e-01	3.981071705534972e-01
38	3.394776674724097e-01	3.467368504525316e-01
68	3.384525726101171e-01	3.388441561392025e-01
92	2.695667545118776e-01	2.754228703338166e-01
165	2.680699675103982e-01	2.691534803926916e-01
235	2.434261355242535e-01	2.454708915685030e-01
273	2.368694790135525e-01	2.398832919019490e-01
292	2.157045231597168e-01	2.187761623949552e-01
309	2.098058925560609e-01	2.137962089502232e-01
350	1.999340784643775e-01	2.041737944669530e-01
385	1.447843966904054e-01	1.479108388168208e-01
419	1.431656556340841e-01	1.445439770745928e-01
437	1.284366534730823e-01	1.288249551693134e-01
520	1.051108415022182e-01	1.071519305237607e-01
569	1.024093547861186e-01	1.047128548050900e-01
608	1.022905932357857e-01	1.023292992280754e-01
630	9.847388348764186e-02	1.000000000000000e-01
727	9.334271395721250e-02	9.549925860214359e-02
778	9.305160563360171e-02	9.332543007969910e-02
920	8.615208165014954e-02	8.709635899560805e-02
941	8.506337753146553e-02	8.511380382023763e-02
987	8.276273622697383e-02	8.317637711026708e-02
1020	8.074488872703012e-02	8.128305161640990e-02
1034	7.892253894622336e-02	7.943282347242814e-02
1083	7.463160932291246e-02	7.585775750291836e-02
1146	7.045506407117708e-02	7.079457843841380e-02
1255	6.720226411251173e-02	6.760829753919818e-02
1325	6.374795707417014e-02	6.456542290346556e-02
1344	6.230266095910875e-02	6.309573444801933e-02
1463	6.165217145827406e-02	6.165950018614822e-02
1517	5.908034262187523e-02	6.025595860743578e-02
1524	5.798756599392807e-02	5.888436553555890e-02
1573	5.106486239218611e-02	5.128613839913648e-02
1707	4.807173848884183e-02	4.897788193684462e-02
1770	4.757886033292591e-02	4.786300923226382e-02
1872	4.662020113358467e-02	4.677351412871981e-02
1885	4.544777831370084e-02	4.570881896148749e-02
1943	4.428415317104317e-02	4.466835921509630e-02
2129	4.308946872787112e-02	4.365158322401658e-02
2321	4.264950599885642e-02	4.265795188015926e-02
2372	4.112970133143112e-02	4.168693834703355e-02
2619	3.960525951882221e-02	3.981071705534973e-02
2929	3.857378681348267e-02	3.890451449942807e-02
2933	3.775897095180336e-02	3.801893963205612e-02
3091	3.658902263774921e-02	3.715352290971726e-02
3107	3.492039828761639e-02	3.548133892335755e-02
3153	3.319739571428815e-02	3.388441561392026e-02
3199	3.285650570481868e-02	3.311311214825911e-02
3369	3.233626920533228e-02	3.235936569296283e-02
3531	3.113011315543135e-02	3.162277660168379e-02
3591	3.088965546704292e-02	3.090295432513590e-02
4055	2.995068765889575e-02	3.019951720402016e-02
4175	2.946111041952981e-02	2.951209226666385e-02
4307	2.807495085716161e-02	2.818382931264454e-02
4310	2.694870118479520e-02	2.754228703338166e-02
4567	2.685762014134774e-02	2.691534803926915e-02
4856	2.592472787718514e-02	2.630267991895381e-02
4891	2.524268112909667e-02	2.570395782768863e-02
5098	2.503494177107368e-02	2.511886431509579e-02
5101	2.503494177107368e-02	2.511886431509579e-02
%
% index = 1161, name = bbob_f006_i15_d03__bbob_f014_i16_d03
% instance = 7, reference value = 9.451220551105740e-01
% function evaluation | indicator value | target hit
1	1.098795774746297e+00	1.122018454301963e+00
11	6.007509035016643e-01	6.025595860743578e-01
24	4.797165445878998e-01	4.897788193684462e-01
25	3.940526973244213e-01	3.981071705534972e-01
39	2.808661255856574e-01	2.818382931264454e-01
42	1.210539782629330e-01	1.230268770812381e-01
54	1.045740171357693e-01	1.047128548050900e-01
131	1.005133555924815e-01	1.023292992280754e-01
174	9.812149344481758e-02	1.000000000000000e-01
205	8.976112763201638e-02	9.120108393559097e-02
206	8.822959123132368e-02	8.912509381337455e-02
210	6.290177684047082e-02	6.309573444801933e-02
244	6.132952170049921e-02	6.165950018614822e-02
318	5.817643773866599e-02	5.888436553555890e-02
345	5.750501062850932e-02	5.754399373371569e-02
391	5.623066706489044e-02	5.623413251903491e-02
536	5.166455101008305e-02	5.248074602497726e-02
649	5.070380691747789e-02	5.128613839913648e-02
682	4.643423259880819e-02	4.677351412871981e-02
754	4.538259057732374e-02	4.570881896148749e-02
844	4.347835975692960e-02	4.365158322401658e-02
889	4.065337774502775e-02	4.073802778041128e-02
974	3.965055679905849e-02	3.981071705534973e-02
1165	3.750411110329765e-02	3.801893963205612e-02
1188	3.669845449483256e-02	3.715352290971726e-02
1384	3.576694984389772e-02	3.630780547701014e-02
1431	3.270805884851569e-02	3.311311214825911e-02
1474	3.198864014795066e-02	3.235936569296283e-02
1569	2.990264587498970e-02	3.019951720402016e-02
1623	2.657566428327918e-02	2.691534803926915e-02
1743	2.624383360744043e-02	2.630267991895381e-02
1791	2.544198426022881e-02	2.570395782768863e-02
2050	2.402743749605563e-02	2.454708915685030e-02
2165	2.326190191308086e-02	2.344228815319923e-02
2218	2.274193231877597e-02	2.290867652767773e-02
2228	2.210313087033799e-02	2.238721138568340e-02
2311	2.148666171035840e-02	2.187761623949553e-02
2405	2.134619841164043e-02	2.137962089502233e-02
2437	1.856482991652031e-02	1.862087136662868e-02
2484	1.649904478770214e-02	1.659586907437561e-02
2569	1.616860408646514e-02	1.621810097358930e-02
2586	1.567166724885205e-02	1.584893192461113e-02
2693	1.507115905410872e-02	1.513561248436208e-02
2774	1.477479723209174e-02	1.479108388168207e-02
3235	1.293727704753866e-02	1.318256738556407e-02
3238	1.262743113129128e-02	1.288249551693134e-02
3271	1.148498833103639e-02	1.174897554939530e-02
3472	1.142512371223015e-02	1.148153621496883e-02
3506	1.121919617990297e-02	1.122018454301964e-02
3715	1.073810208062054e-02	1.096478196143185e-02
3823	1.031785815148312e-02	1.047128548050900e-02
3882	1.018231353264587e-02	1.023292992280754e-02
4251	9.981268221868067e-03	1.000000000000000e-02
5016	9.613038286833797e-03	9.772372209558112e-03
5101	9.580536472984957e-03	9.772372209558112e-03
%
% index = 1162, name = bbob_f006_i17_d03__bbob_f014_i18_d03
% instance = 8, reference value = 9.401896361054990e-01
% function evaluation | indicator value | target hit
1	3.553463137222347e-01	3.630780547701014e-01
19	3.013680539306194e-01	3.019951720402016e-01
35	2.808634040599433e-01	2.818382931264454e-01
46	2.430472611121091e-01	2.454708915685030e-01
87	2.058203489051310e-01	2.089296130854039e-01
104	1.901206516368620e-01	1.905460717963247e-01
189	1.669282153821634e-01	1.698243652461744e-01
210	1.644296463812280e-01	1.659586907437560e-01
249	1.186641289215665e-01	1.202264434617413e-01
318	1.114265331693358e-01	1.122018454301964e-01
321	9.560670100202684e-02	9.772372209558107e-02
331	9.225452466351503e-02	9.332543007969910e-02
352	7.824633948755255e-02	7.943282347242814e-02
410	7.571980852601923e-02	7.585775750291836e-02
491	6.652099846514192e-02	6.760829753919818e-02
504	6.564721942341112e-02	6.606934480075961e-02
745	6.446071191770886e-02	6.456542290346556e-02
750	5.361987221740727e-02	5.370317963702527e-02
805	4.917099894019683e-02	5.011872336272722e-02
822	4.889253193482690e-02	4.897788193684462e-02
1448	4.780889553609813e-02	4.786300923226382e-02
2081	4.333020988534142e-02	4.365158322401658e-02
2178	4.119498682665934e-02	4.168693834703355e-02
2497	3.992838460995984e-02	4.073802778041128e-02
2549	3.969543097377914e-02	3.981071705534973e-02
2784	3.851768893388396e-02	3.890451449942807e-02
2934	3.582211418538483e-02	3.630780547701014e-02
3371	3.477465498981214e-02	3.548133892335755e-02
3608	3.231803338968164e-02	3.235936569296283e-02
3639	3.153369046595711e-02	3.162277660168379e-02
3952	2.752144616675267e-02	2.754228703338166e-02
4001	2.688941375494591e-02	2.691534803926915e-02
4469	2.608091973269999e-02	2.630267991895381e-02
4705	2.518102914447429e-02	2.570395782768863e-02
5101	2.517720484982366e-02	2.570395782768863e-02
%
% index = 1163, name = bbob_f006_i19_d03__bbob_f014_i21_d03
% instance = 9, reference value = 9.492421470955110e-01
% function evaluation | indicator value | target hit
1	2.751249344101132e-01	2.754228703338166e-01
15	2.627047027529751e-01	2.630267991895382e-01
22	2.243572752146653e-01	2.290867652767773e-01
109	1.334792496678112e-01	1.348962882591654e-01
131	1.135831157502848e-01	1.148153621496883e-01
226	1.052816790586720e-01	1.071519305237607e-01
231	1.042200514836608e-01	1.047128548050900e-01
316	9.473331464827173e-02	9.549925860214359e-02
338	8.293010371789156e-02	8.317637711026708e-02
517	7.997283474445727e-02	8.128305161640990e-02
551	7.612911872263350e-02	7.762471166286916e-02
609	6.240432032248777e-02	6.309573444801933e-02
636	5.222955988350209e-02	5.248074602497726e-02
660	4.671423880989789e-02	4.677351412871981e-02
846	3.960241903493289e-02	3.981071705534973e-02
894	3.851742376090694e-02	3.890451449942807e-02
1045	3.404217815575872e-02	3.467368504525317e-02
1417	3.358342795972558e-02	3.388441561392026e-02
1435	3.030043076999855e-02	3.090295432513590e-02
1625	3.008266065933962e-02	3.019951720402016e-02
1725	2.756216725853122e-02	2.818382931264454e-02
1727	2.738177839373546e-02	2.754228703338166e-02
1735	2.675941866483933e-02	2.691534803926915e-02
1786	2.465019789552803e-02	2.511886431509579e-02
1806	2.435297693819960e-02	2.454708915685030e-02
2096	2.348674218289959e-02	2.398832919019490e-02
2438	2.207306276680399e-02	2.238721138568340e-02
2446	2.184539221519888e-02	2.187761623949553e-02
2614	2.124304773427410e-02	2.137962089502233e-02
3289	1.995147009711340e-02	1.995262314968880e-02
3931	1.788958905459492e-02	1.819700858609984e-02
4228	1.778172419842905e-02	1.778279410038923e-02
4401	1.721151617442152e-02	1.737800828749375e-02
4499	1.686761627524236e-02	1.698243652461744e-02
4616	1.606391411370300e-02	1.621810097358930e-02
4680	1.572868249716175e-02	1.584893192461113e-02
4950	1.513453981310087e-02	1.513561248436208e-02
5101	1.495259201858079e-02	1.513561248436208e-02
%
% index = 1164, name = bbob_f006_i21_d03__bbob_f014_i22_d03
% instance = 10, reference value = 9.352046767251710e-01
% function evaluation | indicator value | target hit
1	8.337788619878055e-01	8.511380382023764e-01
77	6.134195473887221e-01	6.165950018614822e-01
120	5.739703666826521e-01	5.754399373371569e-01
195	4.352896926466189e-01	4.365158322401660e-01
354	3.742765093616518e-01	3.801893963205612e-01
376	3.222021441756976e-01	3.235936569296283e-01
705	2.771165844119646e-01	2.818382931264454e-01
736	2.670920129336942e-01	2.691534803926916e-01
737	2.040835440297576e-01	2.041737944669530e-01
824	1.903720598618882e-01	1.905460717963247e-01
1227	1.743183541213869e-01	1.778279410038923e-01
1285	1.465399943746030e-01	1.479108388168208e-01
1287	1.255262951472603e-01	1.258925411794167e-01
1619	8.702624873475928e-02	8.709635899560805e-02
2099	8.182780107833332e-02	8.317637711026708e-02
2119	7.441067306313032e-02	7.585775750291836e-02
2141	7.122690473240600e-02	7.244359600749903e-02
2531	7.028381632604197e-02	7.079457843841380e-02
2594	6.837596663662526e-02	6.918309709189366e-02
2640	5.793305202383692e-02	5.888436553555890e-02
3174	5.392468032575282e-02	5.495408738576246e-02
3363	5.296372438375618e-02	5.370317963702527e-02
3780	5.078971292581580e-02	5.128613839913648e-02
5101	5.070566962712164e-02	5.128613839913648e-02
%
% index = 1165, name = bbob_f006_i23_d03__bbob_f014_i24_d03
% instance = 11, reference value = 1.000000000000000e+00
% function evaluation | indicator value | target hit
1	4.493432883649358e+00	4.570881896148751e+00
14	1.694922115469500e+00	1.698243652461744e+00
38	8.841411060162253e-01	8.912509381337456e-01
223	6.714558376313484e-01	6.760829753919817e-01
324	6.300648083827549e-01	6.309573444801932e-01
429	4.814641202764018e-01	4.897788193684462e-01
434	2.780481316068008e-01	2.818382931264454e-01
443	2.430065240047191e-01	2.454708915685030e-01
526	2.248077175864844e-01	2.290867652767773e-01
586	1.632491063423038e-01	1.659586907437560e-01
606	1.418371747469716e-01	1.445439770745928e-01
608	1.329790166451865e-01	1.348962882591654e-01
626	1.179706349158808e-01	1.202264434617413e-01
1033	1.150001091372602e-01	1.174897554939529e-01
1050	9.562698656879254e-02	9.772372209558107e-02
1090	9.483507840862559e-02	9.549925860214359e-02
1112	9.039111558674473e-02	9.120108393559097e-02
2855	8.890288540935265e-02	8.912509381337455e-02
3154	8.536558200937994e-02	8.709635899560805e-02
3243	8.318538087222638e-02	8.511380382023763e-02
3283	8.305658747788403e-02	8.317637711026708e-02
3486	7.963767437413305e-02	8.128305161640990e-02
4230	7.834372309302717e-02	7.943282347242814e-02
4340	7.127945640248901e-02	7.244359600749903e-02
5101	7.127945640248901e-02	7.244359600749903e-02
%
% index = 1166, name = bbob_f006_i25_d03__bbob_f014_i26_d03
% instance = 12, reference value = 1.000000000000000e+00
% function evaluation | indicator value | target hit
1	4.221265482803765e-01	4.265795188015927e-01
42	4.131347394109546e-01	4.168693834703354e-01
70	3.756532393663713e-01	3.801893963205612e-01
136	3.678643712133925e-01	3.715352290971726e-01
143	3.592709188205988e-01	3.630780547701014e-01
168	2.751663498499288e-01	2.754228703338166e-01
173	2.609781352938183e-01	2.630267991895382e-01
225	1.886160966864310e-01	1.905460717963247e-01
413	9.884907906492491e-02	1.000000000000000e-01
416	4.934013486683142e-02	5.011872336272722e-02
464	4.857714042692773e-02	4.897788193684462e-02
703	4.692596662963855e-02	4.786300923226382e-02
1190	3.755904320620407e-02	3.801893963205612e-02
1399	3.690250410640383e-02	3.715352290971726e-02
1403	3.098977319092322e-02	3.162277660168379e-02
1412	3.088376971407358e-02	3.090295432513590e-02
1512	3.019925053792483e-02	3.019951720402016e-02
2565	2.771402030384473e-02	2.818382931264454e-02
2975	2.751940863250557e-02	2.754228703338166e-02
2982	2.615386143912279e-02	2.630267991895381e-02
3122	2.543140542186062e-02	2.570395782768863e-02
3795	2.347416475183661e-02	2.398832919019490e-02
3884	2.303324509247295e-02	2.344228815319923e-02
5101	2.299859614343835e-02	2.344228815319923e-02
%
% index = 1167, name = bbob_f006_i27_d03__bbob_f014_i28_d03
% instance = 13, reference value = 1.000000000000000e+00
% function evaluation | indicator value | target hit
1	3.690235294849400e+01	3.715352290971726e+01
4	6.652801880223259e+00	6.760829753919817e+00
8	2.994101289703000e+00	3.019951720402016e+00
17	6.150283137568746e-01	6.165950018614822e-01
108	5.853560625496059e-01	5.888436553555889e-01
131	4.064306491213545e-01	4.073802778041127e-01
133	3.677163416951170e-01	3.715352290971726e-01
214	3.504542192796688e-01	3.548133892335755e-01
420	3.165010436035895e-01	3.235936569296283e-01
511	2.773244860931990e-01	2.818382931264454e-01
517	2.605071905885584e-01	2.630267991895382e-01
733	2.557738579182942e-01	2.570395782768864e-01
1166	2.474214916209277e-01	2.511886431509580e-01
1313	2.453992095211964e-01	2.454708915685030e-01
1957	2.374336699425285e-01	2.398832919019490e-01
2017	2.319950191300210e-01	2.344228815319922e-01
2315	2.211401116355496e-01	2.238721138568339e-01
2558	2.161558312927682e-01	2.187761623949552e-01
2718	2.103931253195171e-01	2.137962089502232e-01
3240	2.023096915082525e-01	2.041737944669530e-01
3371	1.977296763147537e-01	1.995262314968880e-01
3792	1.928804082899555e-01	1.949844599758045e-01
4722	1.859160857153215e-01	1.862087136662867e-01
5101	1.847569796058688e-01	1.862087136662867e-01
%
% index = 1168, name = bbob_f006_i29_d03__bbob_f014_i30_d03
% instance = 14, reference value = 1.000000000000000e+00
% function evaluation | indicator value | target hit
1	4.094453370946853e-01	4.168693834703354e-01
25	2.627812983436241e-01	2.630267991895382e-01
47	2.161061617918727e-01	2.187761623949552e-01
733	2.072165655605033e-01	2.089296130854039e-01
743	2.003627740462596e-01	2.041737944669530e-01
910	1.856004570770119e-01	1.862087136662867e-01
1483	1.737003913291764e-01	1.737800828749375e-01
2005	1.661007015504311e-01	1.698243652461744e-01
2330	1.484674669082595e-01	1.513561248436208e-01
2514	1.317136260014824e-01	1.318256738556407e-01
4158	1.285110496156073e-01	1.288249551693134e-01
4217	1.231725120561368e-01	1.258925411794167e-01
4406	1.217171287133123e-01	1.230268770812381e-01
4953	1.197229196614563e-01	1.202264434617413e-01
5101	1.197229196614563e-01	1.202264434617413e-01
%
% index = 1169, name = bbob_f006_i31_d03__bbob_f014_i34_d03
% instance = 15, reference value = 1.000000000000000e+00
% function evaluation | indicator value | target hit
1	2.973849726642500e+00	3.019951720402016e+00
25	2.476405027845219e+00	2.511886431509580e+00
30	5.768620280857524e-01	5.888436553555889e-01
32	5.505046232980961e-01	5.623413251903491e-01
41	3.850958246610472e-01	3.890451449942806e-01
188	3.528507698927070e-01	3.548133892335755e-01
217	3.329064794943974e-01	3.388441561392025e-01
538	3.262462470744050e-01	3.311311214825911e-01
600	3.225825209828109e-01	3.235936569296283e-01
785	3.148468386388644e-01	3.162277660168379e-01
808	3.059234892814597e-01	3.090295432513591e-01
973	3.016972685393244e-01	3.019951720402016e-01
1270	2.923580312422719e-01	2.951209226666385e-01
1337	2.834950356784663e-01	2.884031503126606e-01
1506	2.540341040941955e-01	2.570395782768864e-01
1508	2.412971065454814e-01	2.454708915685030e-01
1673	2.324280362739031e-01	2.344228815319922e-01
1695	2.168456309919693e-01	2.187761623949552e-01
1711	2.120390838879078e-01	2.137962089502232e-01
2729	1.982380252486010e-01	1.995262314968880e-01
3142	1.938601000346131e-01	1.949844599758045e-01
3634	1.905214541676490e-01	1.905460717963247e-01
3945	1.858772450668028e-01	1.862087136662867e-01
5101	1.851397098421775e-01	1.862087136662867e-01
