%
% index = 1560, name = bbob_f017_i02_d03__bbob_f017_i04_d03
% instance = 1, reference value = 9.691438023942470e-01
% function evaluation | indicator value | target hit
1	3.621427769736515e-01	3.630780547701014e-01
32	3.450076266958158e-01	3.467368504525316e-01
205	2.954374794733396e-01	3.019951720402016e-01
480	2.915778682913253e-01	2.951209226666385e-01
581	2.861405335171454e-01	2.884031503126606e-01
713	2.442491562081747e-01	2.454708915685030e-01
765	2.394297337454055e-01	2.398832919019490e-01
985	2.335364598130600e-01	2.344228815319922e-01
1083	2.281108914589371e-01	2.290867652767773e-01
1104	2.234192923734385e-01	2.238721138568339e-01
1171	1.876651057146598e-01	1.905460717963247e-01
1450	1.691645425937306e-01	1.698243652461744e-01
1625	1.652384187480892e-01	1.659586907437560e-01
2199	1.590817184366404e-01	1.621810097358930e-01
2426	1.583621474143587e-01	1.584893192461113e-01
3142	1.548022775393357e-01	1.548816618912481e-01
3317	1.354979683017508e-01	1.380384264602885e-01
3651	1.343430694608275e-01	1.348962882591654e-01
3662	1.302601811944574e-01	1.318256738556407e-01
3972	1.242499232133776e-01	1.258925411794167e-01
4209	1.191778205439741e-01	1.202264434617413e-01
4875	1.129827550168117e-01	1.148153621496883e-01
5101	1.129827550168117e-01	1.148153621496883e-01
%
% index = 1561, name = bbob_f017_i03_d03__bbob_f017_i05_d03
% instance = 2, reference value = 9.673189670896560e-01
% function evaluation | indicator value | target hit
1	7.703818921680939e-01	7.762471166286917e-01
24	2.903342962989017e-01	2.951209226666385e-01
343	2.846240764157251e-01	2.884031503126606e-01
457	2.194690659609214e-01	2.238721138568339e-01
512	2.161208284874959e-01	2.187761623949552e-01
526	1.924523777122344e-01	1.949844599758045e-01
715	1.818069876525319e-01	1.819700858609984e-01
823	1.488448879382379e-01	1.513561248436208e-01
956	1.396815707753652e-01	1.412537544622754e-01
1399	1.364719449386936e-01	1.380384264602885e-01
1886	1.345114908018601e-01	1.348962882591654e-01
2565	1.303802846043233e-01	1.318256738556407e-01
3175	1.109618203668876e-01	1.122018454301964e-01
3248	1.090701823299376e-01	1.096478196143185e-01
4169	1.038645442013607e-01	1.047128548050900e-01
4192	9.101702911120391e-02	9.120108393559097e-02
4552	8.615230914367511e-02	8.709635899560805e-02
5076	8.061120540560773e-02	8.128305161640990e-02
5101	8.061120540560773e-02	8.128305161640990e-02
%
% index = 1562, name = bbob_f017_i07_d03__bbob_f017_i08_d03
% instance = 3, reference value = 9.130011042678320e-01
% function evaluation | indicator value | target hit
1	1.467576912930332e+00	1.479108388168207e+00
9	8.504189908322796e-01	8.511380382023764e-01
24	5.464578711561990e-01	5.495408738576245e-01
272	5.298913450454946e-01	5.370317963702527e-01
297	5.221657391589680e-01	5.248074602497725e-01
326	5.011291425220663e-01	5.011872336272722e-01
339	4.211250336055884e-01	4.265795188015927e-01
481	3.087979853532615e-01	3.090295432513591e-01
520	2.724855163282361e-01	2.754228703338166e-01
560	2.385671409016470e-01	2.398832919019490e-01
585	1.950118526880462e-01	1.995262314968880e-01
2153	1.896773165557035e-01	1.905460717963247e-01
2604	1.832754636834185e-01	1.862087136662867e-01
3049	1.738607901705884e-01	1.778279410038923e-01
3731	1.730414795218540e-01	1.737800828749375e-01
5101	1.730414795218540e-01	1.737800828749375e-01
%
% index = 1563, name = bbob_f017_i09_d03__bbob_f017_i10_d03
% instance = 4, reference value = 8.264724921589089e-01
% function evaluation | indicator value | target hit
1	1.763595904808909e+00	1.778279410038923e+00
45	1.040573781079896e+00	1.047128548050900e+00
55	7.178694702911058e-01	7.244359600749900e-01
478	4.605987398084299e-01	4.677351412871982e-01
568	4.458000425150059e-01	4.466835921509631e-01
944	4.236258372672464e-01	4.265795188015927e-01
1838	4.125664670464486e-01	4.168693834703354e-01
2090	3.863898791597200e-01	3.890451449942806e-01
2827	3.791999377047540e-01	3.801893963205612e-01
4430	3.701747708402752e-01	3.715352290971726e-01
4838	3.370738281895899e-01	3.388441561392025e-01
5101	3.370738281895899e-01	3.388441561392025e-01
%
% index = 1564, name = bbob_f017_i11_d03__bbob_f017_i12_d03
% instance = 5, reference value = 9.908882175557940e-01
% function evaluation | indicator value | target hit
1	1.680725902866624e-01	1.698243652461744e-01
32	1.302147357014980e-01	1.318256738556407e-01
38	1.024147045854780e-01	1.047128548050900e-01
57	1.012957228047624e-01	1.023292992280754e-01
72	8.965382069253591e-02	9.120108393559097e-02
76	8.535504567438490e-02	8.709635899560805e-02
98	8.172534240538898e-02	8.317637711026708e-02
104	7.447514830978474e-02	7.585775750291836e-02
122	5.050563430055255e-02	5.128613839913648e-02
158	5.004850380405912e-02	5.011872336272722e-02
180	4.657348805417627e-02	4.677351412871981e-02
199	4.377553192860173e-02	4.466835921509630e-02
211	4.293022518175560e-02	4.365158322401658e-02
224	4.227866432760718e-02	4.265795188015926e-02
245	3.878404252528855e-02	3.890451449942807e-02
305	3.644105990349522e-02	3.715352290971726e-02
351	3.550379210677157e-02	3.630780547701014e-02
369	3.492695164023274e-02	3.548133892335755e-02
404	3.134046958305958e-02	3.162277660168379e-02
421	2.982871871394166e-02	3.019951720402016e-02
526	2.808011282114531e-02	2.818382931264454e-02
610	2.746182748130699e-02	2.754228703338166e-02
623	2.670538562446012e-02	2.691534803926915e-02
658	2.573478444678112e-02	2.630267991895381e-02
763	2.490022086214838e-02	2.511886431509579e-02
893	2.449801379663696e-02	2.454708915685030e-02
936	2.276147690334296e-02	2.290867652767773e-02
1113	2.196580975222828e-02	2.238721138568340e-02
1161	2.100708877273316e-02	2.137962089502233e-02
1192	2.085072455428438e-02	2.089296130854040e-02
1221	1.919888054609187e-02	1.949844599758046e-02
1455	1.903679232501509e-02	1.905460717963247e-02
1843	1.842779473157130e-02	1.862087136662868e-02
1916	1.803700494705351e-02	1.819700858609984e-02
2355	1.715016471606723e-02	1.737800828749375e-02
2433	1.685016327191591e-02	1.698243652461744e-02
2451	1.620217586149619e-02	1.621810097358930e-02
2825	1.548920957342870e-02	1.584893192461113e-02
2915	1.481050846511345e-02	1.513561248436208e-02
2952	1.461417380032004e-02	1.479108388168207e-02
3000	1.436728793311925e-02	1.445439770745927e-02
3006	1.336191293366162e-02	1.348962882591653e-02
3845	1.262574125243376e-02	1.288249551693134e-02
4146	1.258725935137839e-02	1.258925411794167e-02
4821	1.225588840794589e-02	1.230268770812382e-02
4947	1.158177887955336e-02	1.174897554939530e-02
5101	1.157146086280858e-02	1.174897554939530e-02
%
% index = 1565, name = bbob_f017_i13_d03__bbob_f017_i14_d03
% instance = 6, reference value = 9.824353972841710e-01
% function evaluation | indicator value | target hit
1	2.526189834743130e-01	2.570395782768864e-01
7	2.410027496377712e-01	2.454708915685030e-01
11	2.320458216620399e-01	2.344228815319922e-01
35	2.253067340669643e-01	2.290867652767773e-01
38	1.912134707827091e-01	1.949844599758045e-01
150	1.709728673361220e-01	1.737800828749375e-01
341	1.645783719677022e-01	1.659586907437560e-01
434	1.373545824506386e-01	1.380384264602885e-01
489	1.207685986750284e-01	1.230268770812381e-01
555	1.185256967707827e-01	1.202264434617413e-01
664	1.099662085441184e-01	1.122018454301964e-01
749	1.096321405921101e-01	1.096478196143185e-01
912	1.027118388779117e-01	1.047128548050900e-01
936	1.011174169429380e-01	1.023292992280754e-01
1105	9.992625999230709e-02	1.000000000000000e-01
1144	9.292769771512721e-02	9.332543007969910e-02
1359	9.088416452702763e-02	9.120108393559097e-02
1595	8.720838848561596e-02	8.912509381337455e-02
1608	8.625059136901114e-02	8.709635899560805e-02
1642	8.445646102920479e-02	8.511380382023763e-02
1888	5.832822193446618e-02	5.888436553555890e-02
2383	5.281072277702281e-02	5.370317963702527e-02
2835	5.217667502064505e-02	5.248074602497726e-02
3094	5.085427477040472e-02	5.128613839913648e-02
3165	4.987061754285071e-02	5.011872336272722e-02
3700	4.391402395556399e-02	4.466835921509630e-02
4259	4.246893655394546e-02	4.265795188015926e-02
5101	4.231591491219411e-02	4.265795188015926e-02
%
% index = 1566, name = bbob_f017_i15_d03__bbob_f017_i16_d03
% instance = 7, reference value = 9.203066012457770e-01
% function evaluation | indicator value | target hit
1	4.229241841509547e+00	4.265795188015927e+00
45	3.588854032209158e+00	3.630780547701014e+00
53	2.091641814910974e+00	2.137962089502232e+00
109	1.240809842763777e+00	1.258925411794167e+00
238	1.051252884271277e+00	1.071519305237606e+00
390	7.093402864725609e-01	7.244359600749900e-01
396	5.664533189069156e-01	5.754399373371569e-01
563	5.529845194075140e-01	5.623413251903491e-01
907	4.772090750127705e-01	4.786300923226383e-01
984	4.653140726573315e-01	4.677351412871982e-01
1310	4.408710462394760e-01	4.466835921509631e-01
1921	4.038846712282298e-01	4.073802778041127e-01
2213	3.949645754222656e-01	3.981071705534972e-01
2250	3.866466524857267e-01	3.890451449942806e-01
2417	3.679827281715491e-01	3.715352290971726e-01
3158	3.071841763323493e-01	3.090295432513591e-01
4223	2.882846566007080e-01	2.884031503126606e-01
4727	2.777906956208720e-01	2.818382931264454e-01
4794	2.625133639848676e-01	2.630267991895382e-01
5101	2.625133639848676e-01	2.630267991895382e-01
%
% index = 1567, name = bbob_f017_i17_d03__bbob_f017_i18_d03
% instance = 8, reference value = 9.075399405204920e-01
% function evaluation | indicator value | target hit
1	8.055339077406143e-01	8.128305161640993e-01
195	6.648479259903237e-01	6.760829753919817e-01
243	6.563795256958328e-01	6.606934480075960e-01
582	6.207521715326130e-01	6.309573444801932e-01
886	6.069640107799747e-01	6.165950018614822e-01
1065	5.918224418817435e-01	6.025595860743578e-01
1225	5.076076467801218e-01	5.128613839913648e-01
1326	4.990732514728759e-01	5.011872336272722e-01
1906	4.851700719991652e-01	4.897788193684462e-01
2022	4.733901963451014e-01	4.786300923226383e-01
2648	4.371961069802617e-01	4.466835921509631e-01
2661	4.331041747041244e-01	4.365158322401660e-01
4357	4.229640496805289e-01	4.265795188015927e-01
4857	4.133375223157232e-01	4.168693834703354e-01
5101	4.133375223157232e-01	4.168693834703354e-01
%
% index = 1568, name = bbob_f017_i19_d03__bbob_f017_i21_d03
% instance = 9, reference value = 8.389368809548420e-01
% function evaluation | indicator value | target hit
1	1.098645415387842e+00	1.122018454301963e+00
64	9.899231852998419e-01	1.000000000000000e+00
581	6.246507526242050e-01	6.309573444801932e-01
686	6.105642090472843e-01	6.165950018614822e-01
1109	5.682297778285961e-01	5.754399373371569e-01
2286	4.234923468772081e-01	4.265795188015927e-01
2438	4.003916321635620e-01	4.073802778041127e-01
2656	3.802455070161802e-01	3.890451449942806e-01
3213	3.796284880761408e-01	3.801893963205612e-01
4846	3.472666823147975e-01	3.548133892335755e-01
4911	3.457150024435975e-01	3.467368504525316e-01
5101	3.457150024435975e-01	3.467368504525316e-01
%
% index = 1569, name = bbob_f017_i21_d03__bbob_f017_i22_d03
% instance = 10, reference value = 7.926721938798990e-01
% function evaluation | indicator value | target hit
1	2.581020433247928e+00	2.630267991895382e+00
38	1.143352072498399e+00	1.148153621496883e+00
448	8.647140466698989e-01	8.709635899560807e-01
515	7.203096433938602e-01	7.244359600749900e-01
688	6.829282871667197e-01	6.918309709189365e-01
1100	5.973985467371877e-01	6.025595860743578e-01
1919	5.855738170458064e-01	5.888436553555889e-01
2803	5.750631408401943e-01	5.754399373371569e-01
2874	5.269436771296330e-01	5.370317963702527e-01
4549	4.840489505164974e-01	4.897788193684462e-01
4883	4.739710375463351e-01	4.786300923226383e-01
5101	4.739710375463351e-01	4.786300923226383e-01
%
% index = 1570, name = bbob_f017_i23_d03__bbob_f017_i24_d03
% instance = 11, reference value = 1.000000000000000e+00
% function evaluation | indicator value | target hit
1	2.209790799782596e+00	2.238721138568339e+00
7	1.134862099703000e+00	1.148153621496883e+00
24	8.145501326864363e-01	8.317637711026710e-01
590	7.463822002078282e-01	7.585775750291838e-01
971	7.156148200986499e-01	7.244359600749900e-01
1327	7.051499686490312e-01	7.079457843841379e-01
1514	6.604554102199628e-01	6.606934480075960e-01
1519	6.350160216194978e-01	6.456542290346555e-01
2492	5.714736097712555e-01	5.754399373371569e-01
2987	5.130284272145762e-01	5.248074602497725e-01
4246	5.090719811950744e-01	5.128613839913648e-01
4407	4.849672136247329e-01	4.897788193684462e-01
4563	4.645999320854511e-01	4.677351412871982e-01
5101	4.645999320854511e-01	4.677351412871982e-01
%
% index = 1571, name = bbob_f017_i25_d03__bbob_f017_i26_d03
% instance = 12, reference value = 1.000000000000000e+00
% function evaluation | indicator value | target hit
1	7.620570295227491e-01	7.762471166286917e-01
55	5.847989546023885e-01	5.888436553555889e-01
83	3.553624139518097e-01	3.630780547701014e-01
90	2.909279179718698e-01	2.951209226666385e-01
320	2.692423558918259e-01	2.754228703338166e-01
402	2.619316658585236e-01	2.630267991895382e-01
461	2.521180236007066e-01	2.570395782768864e-01
506	2.276241355577854e-01	2.290867652767773e-01
692	2.146149874941713e-01	2.187761623949552e-01
725	2.062122317904177e-01	2.089296130854039e-01
727	2.012468359586059e-01	2.041737944669530e-01
918	1.970733663776536e-01	1.995262314968880e-01
1108	1.922176318729871e-01	1.949844599758045e-01
1158	1.798372309801223e-01	1.819700858609984e-01
1278	1.638353940902251e-01	1.659586907437560e-01
1494	1.514989496040564e-01	1.548816618912481e-01
1667	1.511841966596730e-01	1.513561248436208e-01
1824	1.455198761940131e-01	1.479108388168208e-01
1878	1.406061193017666e-01	1.412537544622754e-01
1887	1.332135208267988e-01	1.348962882591654e-01
2082	1.297913314629004e-01	1.318256738556407e-01
2277	1.266847350341741e-01	1.288249551693134e-01
2331	1.223750444423475e-01	1.230268770812381e-01
2591	1.140332299368901e-01	1.148153621496883e-01
3248	8.479559183060892e-02	8.511380382023763e-02
3345	8.305306848499083e-02	8.317637711026708e-02
5101	8.305306848499083e-02	8.317637711026708e-02
%
% index = 1572, name = bbob_f017_i27_d03__bbob_f017_i28_d03
% instance = 13, reference value = 1.000000000000000e+00
% function evaluation | indicator value | target hit
1	7.473494033957409e-01	7.585775750291838e-01
58	7.362972492078799e-01	7.413102413009175e-01
311	6.783814082662554e-01	6.918309709189365e-01
320	6.216568753532655e-01	6.309573444801932e-01
489	5.861856964018679e-01	5.888436553555889e-01
502	5.685374092430739e-01	5.754399373371569e-01
532	5.620884785783691e-01	5.623413251903491e-01
713	5.320728358905494e-01	5.370317963702527e-01
783	4.145166295704923e-01	4.168693834703354e-01
1116	3.828939272379819e-01	3.890451449942806e-01
1248	3.504400579610218e-01	3.548133892335755e-01
1620	3.228200956573378e-01	3.235936569296283e-01
1750	3.138705781392408e-01	3.162277660168379e-01
2105	3.088147520650583e-01	3.090295432513591e-01
5101	3.032499636245879e-01	3.090295432513591e-01
%
% index = 1573, name = bbob_f017_i29_d03__bbob_f017_i30_d03
% instance = 14, reference value = 1.000000000000000e+00
% function evaluation | indicator value | target hit
1	1.097199733864500e+00	1.122018454301963e+00
2	7.747866764781174e-01	7.762471166286917e-01
44	6.344285480883668e-01	6.456542290346555e-01
45	5.840840426311367e-01	5.888436553555889e-01
52	5.632981066683039e-01	5.754399373371569e-01
102	4.856343793520808e-01	4.897788193684462e-01
143	4.771356985349456e-01	4.786300923226383e-01
205	4.445824670555905e-01	4.466835921509631e-01
309	4.051513116662639e-01	4.073802778041127e-01
356	3.967448145678606e-01	3.981071705534972e-01
443	3.326456845296444e-01	3.388441561392025e-01
505	3.259405417018880e-01	3.311311214825911e-01
564	3.230259863974417e-01	3.235936569296283e-01
642	3.024487286039377e-01	3.090295432513591e-01
735	2.629537902276207e-01	2.630267991895382e-01
1032	2.548484724320645e-01	2.570395782768864e-01
1392	2.262244536073806e-01	2.290867652767773e-01
1454	2.173231564591350e-01	2.187761623949552e-01
1760	1.807096351865973e-01	1.819700858609984e-01
3068	1.752815772381898e-01	1.778279410038923e-01
3607	1.704103505683944e-01	1.737800828749375e-01
3726	1.631164054286034e-01	1.659586907437560e-01
4002	1.560963006572476e-01	1.584893192461113e-01
4056	1.525114169457230e-01	1.548816618912481e-01
4390	1.487931008908218e-01	1.513561248436208e-01
5101	1.487931008908218e-01	1.513561248436208e-01
%
% index = 1574, name = bbob_f017_i31_d03__bbob_f017_i34_d03
% instance = 15, reference value = 1.000000000000000e+00
% function evaluation | indicator value | target hit
1	2.590426092969000e+00	2.630267991895382e+00
5	1.122981180246000e+00	1.148153621496883e+00
271	1.064778529707500e+00	1.071519305237606e+00
745	9.735885142468301e-01	9.772372209558107e-01
925	8.596728642130507e-01	8.709635899560807e-01
1210	8.082271101779199e-01	8.128305161640993e-01
2343	7.679415398919046e-01	7.762471166286917e-01
2370	7.163551966781880e-01	7.244359600749900e-01
2492	6.983665296519244e-01	7.079457843841379e-01
3584	6.463946609590203e-01	6.606934480075960e-01
3665	6.222394684942880e-01	6.309573444801932e-01
3857	5.422776407891268e-01	5.495408738576245e-01
4106	5.315206744247241e-01	5.370317963702527e-01
4510	4.960005469324381e-01	5.011872336272722e-01
4607	4.675257960426932e-01	4.677351412871982e-01
5101	4.675257960426932e-01	4.677351412871982e-01
