%
% index = 1500, name = bbob_f015_i02_d03__bbob_f015_i04_d03
% instance = 1, reference value = 9.034556572830900e-01
% function evaluation | indicator value | target hit
1	2.812704180217590e+00	2.818382931264454e+00
12	8.174503734556353e-01	8.317637711026710e-01
84	6.740878275675382e-01	6.760829753919817e-01
368	3.853155250046054e-01	3.890451449942806e-01
540	3.327966543171395e-01	3.388441561392025e-01
692	3.268465595521645e-01	3.311311214825911e-01
1162	2.805878067134578e-01	2.818382931264454e-01
1886	2.734940997770311e-01	2.754228703338166e-01
2487	2.588954745013924e-01	2.630267991895382e-01
4109	2.485298236156022e-01	2.511886431509580e-01
4513	1.970477888191177e-01	1.995262314968880e-01
5101	1.964286323654074e-01	1.995262314968880e-01
%
% index = 1501, name = bbob_f015_i03_d03__bbob_f015_i05_d03
% instance = 2, reference value = 9.624079332682460e-01
% function evaluation | indicator value | target hit
1	3.962979488923704e-01	3.981071705534972e-01
78	3.810688186586797e-01	3.890451449942806e-01
86	3.407654785119548e-01	3.467368504525316e-01
152	3.328927519417093e-01	3.388441561392025e-01
230	2.998106011335890e-01	3.019951720402016e-01
266	2.731395510005925e-01	2.754228703338166e-01
378	2.634026345586952e-01	2.691534803926916e-01
422	2.493115498269793e-01	2.511886431509580e-01
687	2.410103426670676e-01	2.454708915685030e-01
787	2.363857002560635e-01	2.398832919019490e-01
799	2.277105877242699e-01	2.290867652767773e-01
1455	1.946578172548317e-01	1.949844599758045e-01
1509	1.757041296764266e-01	1.778279410038923e-01
1609	1.722922298655786e-01	1.737800828749375e-01
1637	1.430353529440056e-01	1.445439770745928e-01
1737	1.266372200878246e-01	1.288249551693134e-01
2184	1.257849343221049e-01	1.258925411794167e-01
2326	1.218108260167364e-01	1.230268770812381e-01
2527	1.137453604737441e-01	1.148153621496883e-01
2670	1.118963728755656e-01	1.122018454301964e-01
4325	9.343640832482147e-02	9.549925860214359e-02
4422	9.296513080897861e-02	9.332543007969910e-02
4570	9.086232563838104e-02	9.120108393559097e-02
5056	8.869478597091274e-02	8.912509381337455e-02
5101	8.869478597091274e-02	8.912509381337455e-02
%
% index = 1502, name = bbob_f015_i07_d03__bbob_f015_i08_d03
% instance = 3, reference value = 8.997156147281890e-01
% function evaluation | indicator value | target hit
1	4.375884605748869e-01	4.466835921509631e-01
10	4.079110642022816e-01	4.168693834703354e-01
16	3.811923862564831e-01	3.890451449942806e-01
210	3.552111989918363e-01	3.630780547701014e-01
260	3.085927548068522e-01	3.090295432513591e-01
612	2.860420679242590e-01	2.884031503126606e-01
615	2.721993049868737e-01	2.754228703338166e-01
761	2.672750388847986e-01	2.691534803926916e-01
801	2.379281613391221e-01	2.398832919019490e-01
1129	2.340795788264837e-01	2.344228815319922e-01
1340	2.247358470086936e-01	2.290867652767773e-01
1652	2.236952354925126e-01	2.238721138568339e-01
1723	2.150391562206722e-01	2.187761623949552e-01
1849	2.055492447579839e-01	2.089296130854039e-01
1960	2.033078954395969e-01	2.041737944669530e-01
2059	1.961486844701871e-01	1.995262314968880e-01
2091	1.851668171048377e-01	1.862087136662867e-01
2137	1.687610903454035e-01	1.698243652461744e-01
2304	1.652044698914709e-01	1.659586907437560e-01
4833	1.576499630976096e-01	1.584893192461113e-01
5101	1.559094419000274e-01	1.584893192461113e-01
%
% index = 1503, name = bbob_f015_i09_d03__bbob_f015_i10_d03
% instance = 4, reference value = 8.927885519567890e-01
% function evaluation | indicator value | target hit
1	3.928001680018289e+00	3.981071705534972e+00
2	3.568796451552251e+00	3.630780547701014e+00
9	2.329988014417789e+00	2.344228815319922e+00
24	2.224975539900000e+00	2.238721138568339e+00
27	1.717777022442289e+00	1.737800828749375e+00
47	1.182320756666789e+00	1.202264434617413e+00
75	7.674227305531164e-01	7.762471166286917e-01
256	6.633690453420111e-01	6.760829753919817e-01
309	6.513507562456466e-01	6.606934480075960e-01
320	6.342224568897781e-01	6.456542290346555e-01
482	5.978059806196792e-01	6.025595860743578e-01
789	5.102026031417520e-01	5.128613839913648e-01
862	5.006311878020500e-01	5.011872336272722e-01
1160	4.827332245856505e-01	4.897788193684462e-01
1218	4.685854824794815e-01	4.786300923226383e-01
1702	4.595475840272379e-01	4.677351412871982e-01
1820	4.547657169472854e-01	4.570881896148750e-01
1821	4.105496674483461e-01	4.168693834703354e-01
1968	4.033946940431724e-01	4.073802778041127e-01
1972	2.968364907872526e-01	3.019951720402016e-01
3742	2.699954553706914e-01	2.754228703338166e-01
4661	2.654136657082361e-01	2.691534803926916e-01
5101	2.654136657082361e-01	2.691534803926916e-01
%
% index = 1504, name = bbob_f015_i11_d03__bbob_f015_i12_d03
% instance = 5, reference value = 8.461937019483470e-01
% function evaluation | indicator value | target hit
1	9.704028900933470e-01	9.772372209558107e-01
82	5.985187089296080e-01	6.025595860743578e-01
122	5.803868843099333e-01	5.888436553555889e-01
132	5.450496724079104e-01	5.495408738576245e-01
241	4.796653607433163e-01	4.897788193684462e-01
337	4.606526447896824e-01	4.677351412871982e-01
479	4.266050814200452e-01	4.365158322401660e-01
508	3.277448060605254e-01	3.311311214825911e-01
690	2.908778094466851e-01	2.951209226666385e-01
915	2.463641872857523e-01	2.511886431509580e-01
1159	2.301326595976819e-01	2.344228815319922e-01
1218	2.239660052109586e-01	2.290867652767773e-01
1464	2.218554584166339e-01	2.238721138568339e-01
1710	2.181755471724318e-01	2.187761623949552e-01
2028	2.091218779295998e-01	2.137962089502232e-01
2132	2.008841914265330e-01	2.041737944669530e-01
2273	1.990604405849219e-01	1.995262314968880e-01
2434	1.807761497074343e-01	1.819700858609984e-01
2933	1.771368619241411e-01	1.778279410038923e-01
3302	1.565926768792275e-01	1.584893192461113e-01
3475	1.336360923176899e-01	1.348962882591654e-01
5101	1.321189238826558e-01	1.348962882591654e-01
%
% index = 1505, name = bbob_f015_i13_d03__bbob_f015_i14_d03
% instance = 6, reference value = 9.095125745559020e-01
% function evaluation | indicator value | target hit
1	1.065703694825902e+00	1.071519305237606e+00
6	8.716600841069361e-01	8.912509381337456e-01
51	7.237747887017245e-01	7.244359600749900e-01
109	6.464235648565908e-01	6.606934480075960e-01
195	5.902166119160839e-01	6.025595860743578e-01
214	5.819634271789313e-01	5.888436553555889e-01
223	5.669855492458823e-01	5.754399373371569e-01
275	4.880913699443247e-01	4.897788193684462e-01
787	4.763166099554368e-01	4.786300923226383e-01
905	4.387638490209516e-01	4.466835921509631e-01
1187	4.120851654423537e-01	4.168693834703354e-01
1212	3.358796622856187e-01	3.388441561392025e-01
1419	2.632414632428272e-01	2.691534803926916e-01
1731	2.586142858090996e-01	2.630267991895382e-01
1868	2.437254435696276e-01	2.454708915685030e-01
2465	2.320400490538034e-01	2.344228815319922e-01
3153	2.226325382552992e-01	2.238721138568339e-01
5101	2.214474067224428e-01	2.238721138568339e-01
%
% index = 1506, name = bbob_f015_i15_d03__bbob_f015_i16_d03
% instance = 7, reference value = 9.246310551909150e-01
% function evaluation | indicator value | target hit
1	1.957685318533915e+00	1.995262314968880e+00
9	1.107990610446915e+00	1.122018454301963e+00
461	8.844044945002520e-01	8.912509381337456e-01
551	8.077733527776471e-01	8.128305161640993e-01
823	7.278071060749713e-01	7.413102413009175e-01
1214	7.182349030160773e-01	7.244359600749900e-01
1918	7.077878465004914e-01	7.079457843841379e-01
2628	6.764001225391779e-01	6.918309709189365e-01
2809	6.757068267047616e-01	6.760829753919817e-01
3189	6.386313746779231e-01	6.456542290346555e-01
3321	6.046759374084374e-01	6.165950018614822e-01
3514	6.010022211550723e-01	6.025595860743578e-01
3650	5.666550677416455e-01	5.754399373371569e-01
4019	5.549034737974504e-01	5.623413251903491e-01
5101	5.541578323002642e-01	5.623413251903491e-01
%
% index = 1507, name = bbob_f015_i17_d03__bbob_f015_i18_d03
% instance = 8, reference value = 9.353613521637040e-01
% function evaluation | indicator value | target hit
1	7.684928261731341e-01	7.762471166286917e-01
43	6.093943799930144e-01	6.165950018614822e-01
48	5.156725489972833e-01	5.248074602497725e-01
51	3.598296601413649e-01	3.630780547701014e-01
85	3.370667614757811e-01	3.388441561392025e-01
218	3.101650310793308e-01	3.162277660168379e-01
249	3.020975198673175e-01	3.090295432513591e-01
302	2.954109442606435e-01	3.019951720402016e-01
364	2.942805121199065e-01	2.951209226666385e-01
534	2.650589880001434e-01	2.691534803926916e-01
661	2.552348534819583e-01	2.570395782768864e-01
705	1.914656147203926e-01	1.949844599758045e-01
873	1.885245467889184e-01	1.905460717963247e-01
1531	1.817750686258719e-01	1.819700858609984e-01
1823	1.775994050867461e-01	1.778279410038923e-01
2224	1.722823382342843e-01	1.737800828749375e-01
3237	1.671291695627524e-01	1.698243652461744e-01
3867	1.640502460880716e-01	1.659586907437560e-01
4148	1.598528270569773e-01	1.621810097358930e-01
4718	1.554258385284595e-01	1.584893192461113e-01
4720	1.510849741415441e-01	1.513561248436208e-01
5101	1.510849741415441e-01	1.513561248436208e-01
%
% index = 1508, name = bbob_f015_i19_d03__bbob_f015_i21_d03
% instance = 9, reference value = 9.612170598632810e-01
% function evaluation | indicator value | target hit
1	1.474984082960781e+00	1.479108388168207e+00
7	8.194639204491783e-01	8.317637711026710e-01
32	4.022516276271465e-01	4.073802778041127e-01
59	3.115879321613350e-01	3.162277660168379e-01
171	2.587493272146066e-01	2.630267991895382e-01
324	2.560782492686405e-01	2.570395782768864e-01
427	2.484398008343996e-01	2.511886431509580e-01
583	2.396701605117731e-01	2.398832919019490e-01
610	2.285379540991829e-01	2.290867652767773e-01
819	2.171311550392385e-01	2.187761623949552e-01
1108	2.137320005372773e-01	2.137962089502232e-01
1119	2.074995374432393e-01	2.089296130854039e-01
1234	2.034348323825745e-01	2.041737944669530e-01
1344	1.868955937734893e-01	1.905460717963247e-01
1542	1.826643172226592e-01	1.862087136662867e-01
1975	1.679017743487532e-01	1.698243652461744e-01
2675	1.565615452472024e-01	1.584893192461113e-01
2802	1.468578187591312e-01	1.479108388168208e-01
2929	1.417880640114099e-01	1.445439770745928e-01
3131	1.362772924663473e-01	1.380384264602885e-01
3458	1.045030398585707e-01	1.047128548050900e-01
5101	1.034292980077615e-01	1.047128548050900e-01
%
% index = 1509, name = bbob_f015_i21_d03__bbob_f015_i22_d03
% instance = 10, reference value = 9.123898004049930e-01
% function evaluation | indicator value | target hit
1	6.826168494563292e-01	6.918309709189365e-01
57	6.597218307041068e-01	6.606934480075960e-01
111	6.387155237244533e-01	6.456542290346555e-01
230	6.299251911633901e-01	6.309573444801932e-01
242	3.871258932673751e-01	3.890451449942806e-01
830	3.782563164327440e-01	3.801893963205612e-01
853	3.713163043245032e-01	3.715352290971726e-01
879	3.489353810336363e-01	3.548133892335755e-01
891	2.546478588667225e-01	2.570395782768864e-01
1253	2.258029035490584e-01	2.290867652767773e-01
2453	2.218000865800331e-01	2.238721138568339e-01
2517	2.037394790773475e-01	2.041737944669530e-01
4897	1.823775958620469e-01	1.862087136662867e-01
5101	1.823775958620469e-01	1.862087136662867e-01
%
% index = 1510, name = bbob_f015_i23_d03__bbob_f015_i24_d03
% instance = 11, reference value = 1.000000000000000e+00
% function evaluation | indicator value | target hit
1	4.232661063971527e-01	4.265795188015927e-01
11	2.948455950690707e-01	2.951209226666385e-01
13	2.770305463065724e-01	2.818382931264454e-01
47	2.490841209985737e-01	2.511886431509580e-01
93	1.990217777953602e-01	1.995262314968880e-01
111	1.942657094350404e-01	1.949844599758045e-01
224	1.904316805488157e-01	1.905460717963247e-01
230	1.758551252148548e-01	1.778279410038923e-01
248	1.676204945622533e-01	1.698243652461744e-01
333	1.641319946764456e-01	1.659586907437560e-01
360	1.611538464414540e-01	1.621810097358930e-01
410	1.530911954439004e-01	1.548816618912481e-01
416	1.482922311764717e-01	1.513561248436208e-01
518	1.436995020638592e-01	1.445439770745928e-01
575	1.331760130920742e-01	1.348962882591654e-01
770	1.279927246085566e-01	1.288249551693134e-01
907	1.243409405111437e-01	1.258925411794167e-01
1056	1.228308191621873e-01	1.230268770812381e-01
1349	1.172266818303667e-01	1.174897554939529e-01
1371	1.134442869478455e-01	1.148153621496883e-01
1731	1.111091023478081e-01	1.122018454301964e-01
1897	1.086203087500888e-01	1.096478196143185e-01
1973	9.160254961630621e-02	9.332543007969910e-02
2061	9.076161299230723e-02	9.120108393559097e-02
2215	8.896629053017424e-02	8.912509381337455e-02
2560	8.673310483720287e-02	8.709635899560805e-02
3005	8.191771453511598e-02	8.317637711026708e-02
3416	8.117388473251752e-02	8.128305161640990e-02
4921	7.939916454801732e-02	7.943282347242814e-02
5101	7.939916454801732e-02	7.943282347242814e-02
%
% index = 1511, name = bbob_f015_i25_d03__bbob_f015_i26_d03
% instance = 12, reference value = 1.000000000000000e+00
% function evaluation | indicator value | target hit
1	6.686707561293739e-01	6.760829753919817e-01
82	6.565824890758598e-01	6.606934480075960e-01
84	6.252742522075808e-01	6.309573444801932e-01
210	4.950568931537040e-01	5.011872336272722e-01
302	4.761469449740666e-01	4.786300923226383e-01
331	4.592736607385576e-01	4.677351412871982e-01
369	4.291341636147086e-01	4.365158322401660e-01
513	4.146697350181257e-01	4.168693834703354e-01
538	3.842434046725753e-01	3.890451449942806e-01
729	3.644408162686809e-01	3.715352290971726e-01
987	3.503559914447137e-01	3.548133892335755e-01
1017	3.411579786603957e-01	3.467368504525316e-01
1180	3.116554227738300e-01	3.162277660168379e-01
1182	3.063026779657679e-01	3.090295432513591e-01
1282	2.991317358704105e-01	3.019951720402016e-01
1410	2.908429286329320e-01	2.951209226666385e-01
2161	2.858445014925314e-01	2.884031503126606e-01
2273	2.790722635303982e-01	2.818382931264454e-01
2280	2.750528573659243e-01	2.754228703338166e-01
2826	2.685750257037044e-01	2.691534803926916e-01
3639	2.563411662292909e-01	2.570395782768864e-01
4889	2.382520464772924e-01	2.398832919019490e-01
5101	2.382520464772924e-01	2.398832919019490e-01
%
% index = 1512, name = bbob_f015_i27_d03__bbob_f015_i28_d03
% instance = 13, reference value = 1.000000000000000e+00
% function evaluation | indicator value | target hit
1	8.993296344134861e-01	9.120108393559098e-01
61	8.248123471460289e-01	8.317637711026710e-01
703	8.087296505181328e-01	8.128305161640993e-01
736	6.143462060856438e-01	6.165950018614822e-01
991	5.937671696086597e-01	6.025595860743578e-01
1042	5.859469427069495e-01	5.888436553555889e-01
1318	5.744025171369678e-01	5.754399373371569e-01
1408	5.559836265980648e-01	5.623413251903491e-01
1547	5.207616027672735e-01	5.248074602497725e-01
2271	4.255904865885544e-01	4.265795188015927e-01
2779	3.872139491617392e-01	3.890451449942806e-01
4755	3.723905573714048e-01	3.801893963205612e-01
5101	3.723905573714048e-01	3.801893963205612e-01
%
% index = 1513, name = bbob_f015_i29_d03__bbob_f015_i30_d03
% instance = 14, reference value = 1.000000000000000e+00
% function evaluation | indicator value | target hit
1	1.422786862548500e+00	1.445439770745927e+00
40	8.622271203583420e-01	8.709635899560807e-01
170	8.014492293659162e-01	8.128305161640993e-01
349	7.032488069572647e-01	7.079457843841379e-01
503	6.849669702028582e-01	6.918309709189365e-01
564	6.585507509869880e-01	6.606934480075960e-01
605	6.341179167490494e-01	6.456542290346555e-01
1071	6.223950582802085e-01	6.309573444801932e-01
1114	5.979274197069869e-01	6.025595860743578e-01
1132	5.802559921094623e-01	5.888436553555889e-01
1341	5.734113784094321e-01	5.754399373371569e-01
1591	5.525958740294361e-01	5.623413251903491e-01
1719	5.480600425725015e-01	5.495408738576245e-01
2423	4.982061223792384e-01	5.011872336272722e-01
2542	4.789376755008118e-01	4.897788193684462e-01
2554	4.352389935807497e-01	4.365158322401660e-01
3747	4.205402027915818e-01	4.265795188015927e-01
3876	4.146234912478526e-01	4.168693834703354e-01
4390	3.977031929584359e-01	3.981071705534972e-01
4511	3.797375684843132e-01	3.801893963205612e-01
4518	3.630657227239960e-01	3.630780547701014e-01
5101	3.622602158298663e-01	3.630780547701014e-01
%
% index = 1514, name = bbob_f015_i31_d03__bbob_f015_i34_d03
% instance = 15, reference value = 1.000000000000000e+00
% function evaluation | indicator value | target hit
1	5.222954071417665e-01	5.248074602497725e-01
29	4.789218377227354e-01	4.897788193684462e-01
44	4.604409206994672e-01	4.677351412871982e-01
66	3.870843875582697e-01	3.890451449942806e-01
146	3.553573292915527e-01	3.630780547701014e-01
180	3.244207871217577e-01	3.311311214825911e-01
205	2.825375691899316e-01	2.884031503126606e-01
207	2.807109812733550e-01	2.818382931264454e-01
218	2.401212447005281e-01	2.454708915685030e-01
284	2.398811506764543e-01	2.398832919019490e-01
432	2.325733114860659e-01	2.344228815319922e-01
453	2.262361065901506e-01	2.290867652767773e-01
540	2.055479895033663e-01	2.089296130854039e-01
548	1.954478932642870e-01	1.995262314968880e-01
593	1.873771056128883e-01	1.905460717963247e-01
653	1.821474248184232e-01	1.862087136662867e-01
688	1.796464313944128e-01	1.819700858609984e-01
838	1.747932335709147e-01	1.778279410038923e-01
966	1.714786176487411e-01	1.737800828749375e-01
1008	1.694691776943055e-01	1.698243652461744e-01
1179	1.655460748714426e-01	1.659586907437560e-01
1356	1.601917301170688e-01	1.621810097358930e-01
1493	1.571615872830459e-01	1.584893192461113e-01
1637	1.479286817157223e-01	1.513561248436208e-01
1665	1.474800489690908e-01	1.479108388168208e-01
2410	1.442587820101268e-01	1.445439770745928e-01
2785	1.314057350878474e-01	1.318256738556407e-01
3958	1.282337012537481e-01	1.288249551693134e-01
4148	1.244702206933013e-01	1.258925411794167e-01
4993	1.212218877053385e-01	1.230268770812381e-01
5101	1.212218877053385e-01	1.230268770812381e-01
