%
% index = 990, name = bbob_f002_i02_d03__bbob_f006_i04_d03
% instance = 1, reference value = 9.973590542922200e-01
% function evaluation | indicator value | target hit
1	7.559792908399143e-01	7.585775750291838e-01
12	4.335335047588348e-01	4.365158322401660e-01
16	4.090601837173377e-01	4.168693834703354e-01
26	1.846114024506345e-01	1.862087136662867e-01
47	1.563753092864407e-01	1.584893192461113e-01
63	1.497649578666399e-01	1.513561248436208e-01
168	1.312094571920736e-01	1.318256738556407e-01
181	1.212885516986923e-01	1.230268770812381e-01
182	9.278174450409093e-02	9.332543007969910e-02
186	8.869507734529469e-02	8.912509381337455e-02
199	7.893393214061428e-02	7.943282347242814e-02
219	7.669575519120120e-02	7.762471166286916e-02
251	6.775149326199947e-02	6.918309709189366e-02
252	5.142249310307301e-02	5.248074602497726e-02
255	5.123881557039345e-02	5.128613839913648e-02
376	4.903066458724337e-02	5.011872336272722e-02
378	4.889737750119116e-02	4.897788193684462e-02
382	2.355650236115692e-02	2.398832919019490e-02
414	2.142960659939708e-02	2.187761623949553e-02
415	1.057949868169228e-02	1.071519305237606e-02
418	8.835159900515643e-03	8.912509381337459e-03
563	8.240883665629140e-03	8.317637711026709e-03
682	6.561470461513896e-03	6.606934480075957e-03
775	6.080678093294600e-03	6.165950018614822e-03
780	5.011322871805834e-03	5.011872336272725e-03
888	4.834379957785684e-03	4.897788193684461e-03
906	4.382767923212016e-03	4.466835921509630e-03
942	4.163152173389917e-03	4.168693834703355e-03
1130	3.985243886616141e-03	4.073802778041126e-03
1347	3.962631260915894e-03	3.981071705534973e-03
1627	3.888438112792270e-03	3.890451449942805e-03
1884	3.727365732564381e-03	3.801893963205613e-03
1916	3.442024168034297e-03	3.467368504525317e-03
1928	3.264583618477257e-03	3.311311214825911e-03
2345	3.071736983905282e-03	3.090295432513592e-03
2641	2.969334528003409e-03	3.019951720402016e-03
2691	2.819124997817890e-03	2.884031503126605e-03
2885	2.814164801445140e-03	2.818382931264455e-03
2887	2.734280452099114e-03	2.754228703338166e-03
3063	2.669867423360062e-03	2.691534803926917e-03
3242	2.514720831724437e-03	2.570395782768865e-03
3256	2.509782605313204e-03	2.511886431509579e-03
3277	2.433422954285391e-03	2.454708915685031e-03
3457	2.394547470261021e-03	2.398832919019490e-03
4033	2.290458694130471e-03	2.290867652767772e-03
5037	2.211649408586314e-03	2.238721138568340e-03
5101	2.211649408586314e-03	2.238721138568340e-03
%
% index = 991, name = bbob_f002_i03_d03__bbob_f006_i05_d03
% instance = 2, reference value = 9.999351849544570e-01
% function evaluation | indicator value | target hit
1	5.235922207099069e-01	5.248074602497725e-01
8	3.077544822761692e-01	3.090295432513591e-01
18	2.715465844905740e-02	2.754228703338166e-02
26	1.725854905456592e-02	1.737800828749375e-02
47	1.629259861905019e-02	1.659586907437561e-02
119	1.621119802132176e-02	1.621810097358930e-02
143	1.490419644032481e-02	1.513561248436208e-02
189	1.414161063005237e-02	1.445439770745927e-02
199	1.411992573239218e-02	1.412537544622754e-02
222	4.848643370499062e-03	4.897788193684461e-03
230	2.847897989441184e-03	2.884031503126605e-03
231	8.624932603918944e-04	8.709635899560805e-04
237	7.760197464513618e-04	7.762471166286919e-04
621	7.062971167387522e-04	7.079457843841380e-04
745	6.884240949086573e-04	6.918309709189362e-04
931	6.744900002729759e-04	6.760829753919819e-04
1411	6.554648942862507e-04	6.606934480075957e-04
1604	6.400121334813047e-04	6.456542290346556e-04
2051	1.917955919387149e-04	1.949844599758046e-04
2277	1.901900934440093e-04	1.905460717963246e-04
2633	1.818628251673005e-04	1.819700858609983e-04
3283	1.772551360672558e-04	1.778279410038923e-04
3922	1.726781840595271e-04	1.737800828749376e-04
4379	1.613333274533835e-04	1.621810097358930e-04
4447	7.934691644306824e-05	7.943282347242822e-05
5101	7.877947881640424e-05	7.943282347242822e-05
%
% index = 992, name = bbob_f002_i07_d03__bbob_f006_i08_d03
% instance = 3, reference value = 9.998868856064200e-01
% function evaluation | indicator value | target hit
1	1.730860149487570e-01	1.737800828749375e-01
13	5.302106031610632e-02	5.370317963702527e-02
29	4.458943102298107e-03	4.466835921509630e-03
143	1.424670373219028e-03	1.445439770745928e-03
169	1.404105033663505e-03	1.412537544622754e-03
211	1.342171960100891e-03	1.348962882591653e-03
263	3.641071016189379e-04	3.715352290971724e-04
303	3.581714475713316e-04	3.630780547701014e-04
375	3.533874253562885e-04	3.548133892335753e-04
613	3.446430352421759e-04	3.467368504525317e-04
699	3.058947075210705e-04	3.090295432513592e-04
822	1.838909365926567e-04	1.862087136662868e-04
827	1.788869380568991e-04	1.819700858609983e-04
927	1.751990480054477e-04	1.778279410038923e-04
1050	1.484135840350564e-04	1.513561248436209e-04
1134	1.461700451450554e-04	1.479108388168207e-04
1377	1.414796095682291e-04	1.445439770745928e-04
1392	1.368772363240511e-04	1.380384264602885e-04
1902	7.826331916460649e-05	7.943282347242822e-05
1934	6.394207426907439e-05	6.456542290346549e-05
2527	6.124944078156336e-05	6.165950018614822e-05
2559	5.911172401440457e-05	6.025595860743581e-05
2621	5.886229954821243e-05	5.888436553555884e-05
3062	5.589628867741503e-05	5.623413251903491e-05
3867	5.484733227101302e-05	5.495408738576248e-05
4169	5.369426896462137e-05	5.370317963702532e-05
4395	4.587249753562617e-05	4.677351412871981e-05
4935	4.531307052668687e-05	4.570881896148752e-05
5101	4.497988600549174e-05	4.570881896148752e-05
%
% index = 993, name = bbob_f002_i09_d03__bbob_f006_i10_d03
% instance = 4, reference value = 9.343367455511810e-01
% function evaluation | indicator value | target hit
1	8.773140100091394e-01	8.912509381337456e-01
8	8.425378251769866e-01	8.511380382023764e-01
15	8.039858551780058e-01	8.128305161640993e-01
75	6.938380831798384e-01	7.079457843841379e-01
116	6.671738464682453e-01	6.760829753919817e-01
131	3.713169595264120e-01	3.715352290971726e-01
139	3.523803502313053e-01	3.548133892335755e-01
363	3.236942140430833e-01	3.311311214825911e-01
369	2.557412867438268e-01	2.570395782768864e-01
413	2.191327942936888e-01	2.238721138568339e-01
463	2.161478635683126e-01	2.187761623949552e-01
511	2.076548985541374e-01	2.089296130854039e-01
604	1.539897703737504e-01	1.548816618912481e-01
627	1.197334056834215e-01	1.202264434617413e-01
1133	9.767568810737737e-02	9.772372209558107e-02
1587	9.509845879131973e-02	9.549925860214359e-02
1814	8.668266773665101e-02	8.709635899560805e-02
2074	7.582185336793190e-02	7.585775750291836e-02
2109	6.173935524684337e-02	6.309573444801933e-02
2123	5.874865395762674e-02	5.888436553555890e-02
2546	5.421902072130147e-02	5.495408738576246e-02
2762	5.274303745541942e-02	5.370317963702527e-02
3525	5.092455405526808e-02	5.128613839913648e-02
4359	5.001867150638017e-02	5.011872336272722e-02
4422	4.817887948531496e-02	4.897788193684462e-02
4524	4.760677211441178e-02	4.786300923226382e-02
4590	4.351818689557174e-02	4.365158322401658e-02
5020	4.252646814015426e-02	4.265795188015926e-02
5101	4.252646814015426e-02	4.265795188015926e-02
%
% index = 994, name = bbob_f002_i11_d03__bbob_f006_i12_d03
% instance = 5, reference value = 9.349839636302349e-01
% function evaluation | indicator value | target hit
1	2.998198380964135e-01	3.019951720402016e-01
6	2.284551425065988e-01	2.290867652767773e-01
11	1.834389989905485e-01	1.862087136662867e-01
26	1.449227812761095e-01	1.479108388168208e-01
37	1.242669837401565e-01	1.258925411794167e-01
78	8.279288430933673e-02	8.317637711026708e-02
98	7.900657079402440e-02	7.943282347242814e-02
160	7.222468665350479e-02	7.244359600749903e-02
224	6.206822642921161e-02	6.309573444801933e-02
229	5.746761172361847e-02	5.754399373371569e-02
233	4.411810825003981e-02	4.466835921509630e-02
247	4.325992383993338e-02	4.365158322401658e-02
306	4.216054360991273e-02	4.265795188015926e-02
360	4.161609405580002e-02	4.168693834703355e-02
377	3.906432334094623e-02	3.981071705534973e-02
435	3.872857492345838e-02	3.890451449942807e-02
502	3.792149845671300e-02	3.801893963205612e-02
521	2.983433486867371e-02	3.019951720402016e-02
615	2.600000143922654e-02	2.630267991895381e-02
624	2.377087067006223e-02	2.398832919019490e-02
718	2.316777871278142e-02	2.344228815319923e-02
789	2.276059682441012e-02	2.290867652767773e-02
849	2.235517798965614e-02	2.238721138568340e-02
978	2.129181256612789e-02	2.137962089502233e-02
1135	1.901140829159353e-02	1.905460717963247e-02
1168	1.852762798640428e-02	1.862087136662868e-02
1362	1.808647773804506e-02	1.819700858609984e-02
1398	1.755425712506031e-02	1.778279410038923e-02
1450	1.718740383462647e-02	1.737800828749375e-02
1827	1.692723433280041e-02	1.698243652461744e-02
1851	1.654039730868651e-02	1.659586907437561e-02
1954	1.620604528432512e-02	1.621810097358930e-02
1971	1.580716723740327e-02	1.584893192461113e-02
2067	1.503434645023305e-02	1.513561248436208e-02
2180	1.474485877603660e-02	1.479108388168207e-02
2270	1.438769922460026e-02	1.445439770745927e-02
2276	1.392392786130159e-02	1.412537544622754e-02
2480	1.360248124619612e-02	1.380384264602885e-02
2517	1.313210488246186e-02	1.318256738556407e-02
2938	1.269563078282343e-02	1.288249551693134e-02
3084	1.230689139836227e-02	1.258925411794167e-02
3238	1.216245053792286e-02	1.230268770812382e-02
3490	1.177719098049290e-02	1.202264434617413e-02
3496	1.174859072848011e-02	1.174897554939530e-02
3594	1.143126822781926e-02	1.148153621496883e-02
3674	1.118480676371092e-02	1.122018454301964e-02
3920	1.077474779978216e-02	1.096478196143185e-02
4052	1.067327985578881e-02	1.071519305237606e-02
4228	1.034513790782543e-02	1.047128548050900e-02
4362	1.023072294283878e-02	1.023292992280754e-02
4445	9.594706751397508e-03	9.772372209558112e-03
4450	9.539041116793046e-03	9.549925860214359e-03
4499	9.313624382017216e-03	9.332543007969915e-03
4904	9.031849328566932e-03	9.120108393559097e-03
5094	8.842358288439822e-03	8.912509381337459e-03
5101	8.842358288439822e-03	8.912509381337459e-03
%
% index = 995, name = bbob_f002_i13_d03__bbob_f006_i14_d03
% instance = 6, reference value = 9.946747197698560e-01
% function evaluation | indicator value | target hit
1	6.138695756197856e+00	6.165950018614822e+00
2	5.808634365874381e-01	5.888436553555889e-01
62	5.657346938331611e-01	5.754399373371569e-01
75	5.133564023571915e-01	5.248074602497725e-01
78	4.406631792225439e-01	4.466835921509631e-01
82	2.681902006158163e-01	2.691534803926916e-01
92	2.481522583127622e-01	2.511886431509580e-01
93	2.387144731312512e-01	2.398832919019490e-01
96	7.625175620641489e-02	7.762471166286916e-02
109	6.575196443116282e-02	6.606934480075961e-02
169	5.850351784592889e-02	5.888436553555890e-02
309	5.691769197689966e-02	5.754399373371569e-02
348	5.500388479105134e-02	5.623413251903491e-02
460	4.958391662176587e-02	5.011872336272722e-02
483	4.775510838479935e-02	4.786300923226382e-02
492	4.533280352838198e-02	4.570881896148749e-02
529	3.839086547636983e-02	3.890451449942807e-02
544	3.710202157981801e-02	3.715352290971726e-02
730	3.588742213457352e-02	3.630780547701014e-02
833	3.438476051353900e-02	3.467368504525317e-02
929	3.223256946844977e-02	3.235936569296283e-02
1007	2.721235107150510e-02	2.754228703338166e-02
1048	2.487787129266938e-02	2.511886431509579e-02
1075	2.247998497988668e-02	2.290867652767773e-02
1172	2.155462290301480e-02	2.187761623949553e-02
1260	1.983723404705495e-02	1.995262314968880e-02
1314	1.932164878989839e-02	1.949844599758046e-02
1629	1.845031272547415e-02	1.862087136662868e-02
1789	1.792955661580820e-02	1.819700858609984e-02
1824	1.776632661097155e-02	1.778279410038923e-02
1939	1.705276135181488e-02	1.737800828749375e-02
2206	1.598912514002371e-02	1.621810097358930e-02
2674	1.496316415470744e-02	1.513561248436208e-02
2767	1.107849642723369e-02	1.122018454301964e-02
2861	1.012076280650487e-02	1.023292992280754e-02
3063	9.705538756271337e-03	9.772372209558112e-03
3171	9.420323329206948e-03	9.549925860214359e-03
3329	9.305351728803646e-03	9.332543007969915e-03
3433	9.110929058648187e-03	9.120108393559097e-03
3472	8.834917952733279e-03	8.912509381337459e-03
3540	8.016608429073813e-03	8.128305161640995e-03
3586	7.605889245675512e-03	7.762471166286920e-03
3941	7.573258433946739e-03	7.585775750291836e-03
4778	7.235561788879075e-03	7.244359600749898e-03
5101	7.148428337939716e-03	7.244359600749898e-03
%
% index = 996, name = bbob_f002_i15_d03__bbob_f006_i16_d03
% instance = 7, reference value = 9.999536018293090e-01
% function evaluation | indicator value | target hit
1	1.550921571228309e+00	1.584893192461114e+00
2	1.136769843299309e+00	1.148153621496883e+00
7	5.548971258619517e-02	5.623413251903491e-02
16	4.775403577466975e-02	4.786300923226382e-02
24	3.535762012928156e-03	3.548133892335753e-03
75	1.634222167978927e-03	1.659586907437561e-03
195	1.487691531986690e-03	1.513561248436209e-03
205	1.402943864527995e-03	1.412537544622754e-03
206	4.405371232613087e-04	4.466835921509630e-04
215	4.328479208158820e-04	4.365158322401661e-04
236	3.304848247376313e-04	3.311311214825911e-04
255	2.469455200538873e-04	2.511886431509580e-04
334	2.373619936308913e-04	2.398832919019490e-04
425	2.307018086841195e-04	2.344228815319923e-04
604	2.096309802263052e-04	2.137962089502232e-04
627	2.051815467524198e-04	2.089296130854039e-04
875	1.724174018875591e-04	1.737800828749376e-04
927	1.609397378792288e-04	1.621810097358930e-04
1151	1.584671269360127e-04	1.584893192461114e-04
1169	1.476083872725686e-04	1.479108388168207e-04
1341	1.320453450188719e-04	1.348962882591653e-04
1420	1.294628255950059e-04	1.318256738556407e-04
1562	1.285455917784395e-04	1.288249551693134e-04
1622	1.129100107121195e-04	1.148153621496883e-04
1732	1.039247576517521e-04	1.047128548050900e-04
1756	9.725586278530596e-05	9.772372209558111e-05
1844	9.242877102011438e-05	9.332543007969905e-05
2229	8.554973302266067e-05	8.709635899560814e-05
2571	8.329597922351883e-05	8.511380382023759e-05
2913	8.259863455739591e-05	8.317637711026709e-05
3016	8.102984414293246e-05	8.128305161640995e-05
3104	7.778177783346329e-05	7.943282347242822e-05
3259	7.723125653691376e-05	7.762471166286911e-05
3358	7.571061757372100e-05	7.585775750291836e-05
4508	7.194816296818285e-05	7.244359600749906e-05
5028	5.749630972073927e-05	5.754399373371566e-05
5101	5.749630972073927e-05	5.754399373371566e-05
%
% index = 997, name = bbob_f002_i17_d03__bbob_f006_i18_d03
% instance = 8, reference value = 8.482192860387170e-01
% function evaluation | indicator value | target hit
1	5.062204243063243e-01	5.128613839913648e-01
14	4.715159349334128e-01	4.786300923226383e-01
19	4.531106014374110e-01	4.570881896148750e-01
42	3.719528144626731e-01	3.801893963205612e-01
84	3.059737514607114e-01	3.090295432513591e-01
174	2.941659869080984e-01	2.951209226666385e-01
196	2.398645196740429e-01	2.398832919019490e-01
218	2.265936413488863e-01	2.290867652767773e-01
228	2.200769458245057e-01	2.238721138568339e-01
388	2.159827863908242e-01	2.187761623949552e-01
402	2.127432552332388e-01	2.137962089502232e-01
415	1.723691483155136e-01	1.737800828749375e-01
416	1.221533469703574e-01	1.230268770812381e-01
507	1.162830496199554e-01	1.174897554939529e-01
517	9.079116916919383e-02	9.120108393559097e-02
651	8.582337328598244e-02	8.709635899560805e-02
709	8.355794594902555e-02	8.511380382023763e-02
714	8.301904261979476e-02	8.317637711026708e-02
1065	6.662775350752936e-02	6.760829753919818e-02
1116	6.321562193314911e-02	6.456542290346556e-02
1161	6.308395032334801e-02	6.309573444801933e-02
1223	5.769093955551330e-02	5.888436553555890e-02
1259	5.744923537945323e-02	5.754399373371569e-02
1443	5.601833033213710e-02	5.623413251903491e-02
1471	5.333151054125607e-02	5.370317963702527e-02
1506	5.100274633461210e-02	5.128613839913648e-02
1585	4.931822395346730e-02	5.011872336272722e-02
1599	4.642632868973529e-02	4.677351412871981e-02
1632	4.501119541360044e-02	4.570881896148749e-02
1782	3.874968720829497e-02	3.890451449942807e-02
2585	3.769169126996796e-02	3.801893963205612e-02
2654	3.545582293069904e-02	3.548133892335755e-02
2680	3.323884052734749e-02	3.388441561392026e-02
2694	3.276793299612901e-02	3.311311214825911e-02
2855	3.189082805388110e-02	3.235936569296283e-02
2857	3.110696725823892e-02	3.162277660168379e-02
2950	3.012362872794827e-02	3.019951720402016e-02
3339	2.902469751239867e-02	2.951209226666385e-02
3457	2.878458603746625e-02	2.884031503126606e-02
3929	2.812069515053828e-02	2.818382931264454e-02
4360	2.752080735885321e-02	2.754228703338166e-02
4776	2.670221458967226e-02	2.691534803926915e-02
5101	2.641944097270021e-02	2.691534803926915e-02
%
% index = 998, name = bbob_f002_i19_d03__bbob_f006_i21_d03
% instance = 9, reference value = 9.992752639542790e-01
% function evaluation | indicator value | target hit
1	5.695913594916848e+00	5.754399373371569e+00
5	2.843989057671779e+00	2.884031503126606e+00
20	1.680786721862279e+00	1.698243652461744e+00
48	1.321591551450279e+00	1.348962882591654e+00
72	1.006409008092535e-01	1.023292992280754e-01
73	7.513330784675931e-02	7.585775750291836e-02
180	3.200538600508496e-02	3.235936569296283e-02
186	3.125758564419834e-02	3.162277660168379e-02
229	2.059584724733277e-02	2.089296130854040e-02
391	1.723192047795585e-02	1.737800828749375e-02
629	1.218138025874416e-02	1.230268770812382e-02
720	5.748107736933350e-03	5.754399373371567e-03
942	5.402124534469199e-03	5.495408738576248e-03
1745	4.244340004504465e-03	4.265795188015926e-03
2683	2.884904820702805e-03	2.951209226666387e-03
3306	2.841945833719439e-03	2.884031503126605e-03
4428	2.752207548282426e-03	2.754228703338166e-03
5101	2.752207548282426e-03	2.754228703338166e-03
%
% index = 999, name = bbob_f002_i21_d03__bbob_f006_i22_d03
% instance = 10, reference value = 9.999790251076950e-01
% function evaluation | indicator value | target hit
1	3.548442362262695e+00	3.630780547701014e+00
2	1.023424804900195e+00	1.047128548050900e+00
45	4.380591244936394e-02	4.466835921509630e-02
209	3.814065603827299e-02	3.890451449942807e-02
700	2.701749386528007e-02	2.754228703338166e-02
870	2.564531782326440e-02	2.570395782768863e-02
962	1.151404045978544e-02	1.174897554939530e-02
1325	8.185026965184861e-03	8.317637711026709e-03
1430	7.759587908414356e-03	7.762471166286920e-03
1457	6.643513849225346e-03	6.760829753919818e-03
1944	5.053892786921588e-03	5.128613839913648e-03
2285	4.812126468962008e-03	4.897788193684461e-03
3419	4.710783193224932e-03	4.786300923226385e-03
3445	4.334664205445371e-03	4.365158322401661e-03
3612	4.014397904734124e-03	4.073802778041126e-03
4020	3.967944190422679e-03	3.981071705534973e-03
4032	2.877412614802677e-03	2.884031503126605e-03
4041	2.606440475689253e-03	2.630267991895381e-03
4835	2.525581886377193e-03	2.570395782768865e-03
5101	2.519118620195271e-03	2.570395782768865e-03
%
% index = 1000, name = bbob_f002_i23_d03__bbob_f006_i24_d03
% instance = 11, reference value = 1.000000000000000e+00
% function evaluation | indicator value | target hit
1	6.509595782843636e-01	6.606934480075960e-01
5	4.892954595378246e-01	4.897788193684462e-01
13	2.502049793208068e-01	2.511886431509580e-01
16	2.302646413967768e-01	2.344228815319922e-01
18	1.550203178646610e-01	1.584893192461113e-01
25	1.543295349614675e-01	1.548816618912481e-01
41	1.281696573792657e-01	1.288249551693134e-01
65	1.135123719568457e-01	1.148153621496883e-01
81	1.083770922366645e-01	1.096478196143185e-01
118	1.021083961660945e-01	1.023292992280754e-01
214	9.598551702798730e-02	9.772372209558107e-02
215	9.541535559773229e-02	9.549925860214359e-02
251	9.059602706676340e-02	9.120108393559097e-02
287	8.606024424210290e-02	8.709635899560805e-02
339	8.384897839406258e-02	8.511380382023763e-02
371	7.947310560060483e-02	8.128305161640990e-02
374	7.888205517050906e-02	7.943282347242814e-02
408	7.705916740636409e-02	7.762471166286916e-02
505	7.580463153924932e-02	7.585775750291836e-02
557	7.305353541923276e-02	7.413102413009177e-02
640	7.202111732774663e-02	7.244359600749903e-02
678	7.062692466767673e-02	7.079457843841380e-02
700	6.915423884315397e-02	6.918309709189366e-02
836	6.347646454756306e-02	6.456542290346556e-02
851	6.304274803455434e-02	6.309573444801933e-02
1141	6.133663119968336e-02	6.165950018614822e-02
1319	6.018166712113826e-02	6.025595860743578e-02
1692	5.877173559684579e-02	5.888436553555890e-02
1951	5.727346936073630e-02	5.754399373371569e-02
3103	5.618196745619131e-02	5.623413251903491e-02
3447	5.469574502496632e-02	5.495408738576246e-02
4482	5.353622729493190e-02	5.370317963702527e-02
5101	5.304105603406084e-02	5.370317963702527e-02
%
% index = 1001, name = bbob_f002_i25_d03__bbob_f006_i26_d03
% instance = 12, reference value = 1.000000000000000e+00
% function evaluation | indicator value | target hit
1	1.082869201980500e+00	1.096478196143185e+00
12	6.765622541340200e-01	6.918309709189365e-01
26	1.781955363731758e-02	1.819700858609984e-02
41	9.288338574666488e-03	9.332543007969915e-03
47	6.457946498762301e-03	6.606934480075957e-03
52	6.416540831555739e-03	6.456542290346556e-03
53	5.935711858622295e-03	6.025595860743574e-03
112	5.773651953153935e-03	5.888436553555890e-03
113	5.454651093296459e-03	5.495408738576248e-03
202	4.843983077183700e-03	4.897788193684461e-03
207	4.585747487512393e-03	4.677351412871981e-03
213	4.527177858667519e-03	4.570881896148752e-03
233	4.334379483884598e-03	4.365158322401661e-03
324	4.079020091016128e-03	4.168693834703355e-03
347	3.636619559224896e-03	3.715352290971724e-03
358	3.423642289642870e-03	3.467368504525317e-03
404	3.136970388790905e-03	3.162277660168379e-03
607	3.061219568628148e-03	3.090295432513592e-03
642	3.017803673816766e-03	3.019951720402016e-03
646	2.891890303544198e-03	2.951209226666387e-03
658	2.680318491652400e-03	2.691534803926917e-03
707	2.551339803171904e-03	2.570395782768865e-03
720	2.486062421770630e-03	2.511886431509579e-03
761	2.215103969136489e-03	2.238721138568340e-03
870	2.139764125294041e-03	2.187761623949552e-03
1027	2.073575885960466e-03	2.089296130854039e-03
1223	2.041573008828457e-03	2.041737944669530e-03
1318	1.976121335872882e-03	1.995262314968879e-03
1415	1.893613134265615e-03	1.905460717963246e-03
1708	1.861621251739498e-03	1.862087136662868e-03
2005	1.809541908965873e-03	1.819700858609983e-03
2021	1.749256647213149e-03	1.778279410038923e-03
2178	1.716161056363852e-03	1.737800828749376e-03
2324	1.694925066706321e-03	1.698243652461744e-03
2468	1.627902171264406e-03	1.659586907437561e-03
2528	1.605041655726391e-03	1.621810097358930e-03
3028	1.569590155814593e-03	1.584893192461114e-03
3410	1.511086439609621e-03	1.513561248436209e-03
3515	1.459787179198258e-03	1.479108388168207e-03
3688	1.443271595958140e-03	1.445439770745928e-03
3850	1.407115093660760e-03	1.412537544622754e-03
4987	1.353354599749945e-03	1.380384264602885e-03
5101	1.353354599749945e-03	1.380384264602885e-03
%
% index = 1002, name = bbob_f002_i27_d03__bbob_f006_i28_d03
% instance = 13, reference value = 1.000000000000000e+00
% function evaluation | indicator value | target hit
1	5.040549506707578e+00	5.128613839913648e+00
12	4.980499877968000e+00	5.011872336272722e+00
14	2.791198964521000e+00	2.818382931264454e+00
27	7.741932478453047e-01	7.762471166286917e-01
36	1.607389182110888e-01	1.621810097358930e-01
241	1.232899770140903e-01	1.258925411794167e-01
305	1.158398947090431e-01	1.174897554939529e-01
317	2.322876474780500e-02	2.344228815319923e-02
351	2.290005608375956e-02	2.290867652767773e-02
461	2.234204688986297e-02	2.238721138568340e-02
525	9.957481841732063e-03	1.000000000000000e-02
1087	4.508206753010668e-03	4.570881896148752e-03
1475	4.101424454898694e-03	4.168693834703355e-03
1757	3.848030752761189e-03	3.890451449942805e-03
1777	1.889986726809068e-03	1.905460717963246e-03
1863	1.526186753988412e-03	1.548816618912481e-03
2009	1.445097062391043e-03	1.445439770745928e-03
2038	4.396025073363230e-04	4.466835921509630e-04
2710	4.275807186595593e-04	4.365158322401661e-04
4726	3.366362802350586e-04	3.388441561392024e-04
4820	3.271811599290242e-04	3.311311214825911e-04
5101	3.267843592910102e-04	3.311311214825911e-04
%
% index = 1003, name = bbob_f002_i29_d03__bbob_f006_i30_d03
% instance = 14, reference value = 1.000000000000000e+00
% function evaluation | indicator value | target hit
1	5.399035069847000e+00	5.495408738576246e+00
10	5.124102148987000e+00	5.128613839913648e+00
11	1.311268484958500e+00	1.318256738556407e+00
16	6.807336322163566e-01	6.918309709189365e-01
62	3.732051723258268e-01	3.801893963205612e-01
250	3.616191955531949e-01	3.630780547701014e-01
405	3.421374895390991e-01	3.467368504525316e-01
533	2.859447848282058e-01	2.884031503126606e-01
583	2.768699421751545e-01	2.818382931264454e-01
646	2.274850338759757e-01	2.290867652767773e-01
818	1.818551745630798e-01	1.819700858609984e-01
1638	1.334120648029605e-01	1.348962882591654e-01
1771	1.309936602867804e-01	1.318256738556407e-01
1877	1.137911584344822e-01	1.148153621496883e-01
2324	7.542172275378445e-02	7.585775750291836e-02
2912	6.831300500811610e-02	6.918309709189366e-02
3093	6.656645220601254e-02	6.760829753919818e-02
3824	6.603085204013071e-02	6.606934480075961e-02
4106	6.321711695015786e-02	6.456542290346556e-02
5101	6.321711695015786e-02	6.456542290346556e-02
%
% index = 1004, name = bbob_f002_i31_d03__bbob_f006_i34_d03
% instance = 15, reference value = 1.000000000000000e+00
% function evaluation | indicator value | target hit
1	4.053900733490204e-01	4.073802778041127e-01
10	3.596536875143458e-01	3.630780547701014e-01
23	2.910958874997309e-01	2.951209226666385e-01
25	1.497740342424987e-01	1.513561248436208e-01
43	4.973640420957581e-02	5.011872336272722e-02
52	4.318961060819748e-02	4.365158322401658e-02
54	3.849484183946617e-02	3.890451449942807e-02
91	3.714489400087251e-02	3.715352290971726e-02
110	2.973004415564295e-02	3.019951720402016e-02
138	7.222053801385409e-03	7.244359600749898e-03
303	6.404618997916112e-03	6.456542290346556e-03
394	5.461359336660587e-03	5.495408738576248e-03
610	4.787418400402421e-03	4.897788193684461e-03
666	4.785905585026340e-03	4.786300923226385e-03
682	4.235314842688132e-03	4.265795188015926e-03
1061	4.116733251890325e-03	4.168693834703355e-03
1158	3.775283513946848e-03	3.801893963205613e-03
1226	3.266274161965455e-03	3.311311214825911e-03
1507	2.611097348087510e-03	2.630267991895381e-03
1698	2.505406493049867e-03	2.511886431509579e-03
1943	2.440363976940585e-03	2.454708915685031e-03
2018	2.286408749803015e-03	2.290867652767772e-03
2047	2.185390404271237e-03	2.187761623949552e-03
2481	2.005713239434326e-03	2.041737944669530e-03
2500	1.928750850760275e-03	1.949844599758046e-03
2802	1.874089285094915e-03	1.905460717963246e-03
3303	1.742901748960080e-03	1.778279410038923e-03
3354	1.735568705623747e-03	1.737800828749376e-03
3548	1.692244107964314e-03	1.698243652461744e-03
3703	1.585460038314057e-03	1.621810097358930e-03
3861	1.584416688451329e-03	1.584893192461114e-03
3911	1.459434064407517e-03	1.479108388168207e-03
5101	1.447305055051751e-03	1.479108388168207e-03
