%
% index = 780, name = bbob_f020_i02_d02__bbob_f020_i04_d02
% instance = 1, reference value = 9.978756929217810e-01
% function evaluation | indicator value | target hit
1	3.288609161170906e-01	3.311311214825911e-01
2	2.607406371956297e-01	2.630267991895382e-01
24	2.275808467476701e-01	2.290867652767773e-01
56	2.072106684344759e-01	2.089296130854039e-01
57	6.186569276574805e-02	6.309573444801933e-02
65	4.312147039913250e-02	4.365158322401658e-02
102	4.227241346553967e-02	4.265795188015926e-02
111	3.144021174562639e-02	3.162277660168379e-02
124	3.078732138663731e-02	3.090295432513590e-02
367	2.626327009509699e-02	2.630267991895381e-02
409	2.549942861841636e-02	2.570395782768863e-02
442	1.609608487750036e-02	1.621810097358930e-02
521	1.577636838642582e-02	1.584893192461113e-02
540	1.400770481823010e-02	1.412537544622754e-02
581	1.325672987062942e-02	1.348962882591653e-02
608	6.697386127613170e-03	6.760829753919818e-03
639	4.165944050880555e-03	4.168693834703355e-03
674	4.072499010885910e-03	4.073802778041126e-03
733	3.000767001412163e-03	3.019951720402016e-03
744	2.929079035165483e-03	2.951209226666387e-03
822	2.502191896247674e-03	2.511886431509579e-03
835	2.439185408983024e-03	2.454708915685031e-03
910	2.381443015852969e-03	2.398832919019490e-03
972	2.302679852224654e-03	2.344228815319923e-03
1017	2.240650953383549e-03	2.290867652767772e-03
1083	2.226863523340339e-03	2.238721138568340e-03
1195	2.112669361713726e-03	2.137962089502233e-03
1482	1.900422864169249e-03	1.905460717963246e-03
1559	1.744284224860393e-03	1.778279410038923e-03
1579	1.713820229035545e-03	1.737800828749376e-03
1684	1.489537104459759e-03	1.513561248436209e-03
1778	1.363948831969441e-03	1.380384264602885e-03
1832	1.275588081676271e-03	1.288249551693134e-03
2056	1.060777110678757e-03	1.071519305237606e-03
2282	9.312643054428804e-04	9.332543007969915e-04
2343	8.446247416307173e-04	8.511380382023768e-04
2461	8.158355351736146e-04	8.317637711026709e-04
2955	8.115765103544614e-04	8.128305161640995e-04
3416	7.790383124737232e-04	7.943282347242813e-04
3573	7.116494146507391e-04	7.244359600749898e-04
3661	6.982293738240219e-04	7.079457843841380e-04
3781	6.714559531392217e-04	6.760829753919819e-04
3803	6.587469167115279e-04	6.606934480075957e-04
3925	6.430179734024932e-04	6.456542290346556e-04
4085	6.242784811841817e-04	6.309573444801930e-04
4378	5.959826236039412e-04	6.025595860743575e-04
4454	5.824946381877139e-04	5.888436553555889e-04
4491	5.610069289417874e-04	5.623413251903491e-04
4734	5.393585927478961e-04	5.495408738576248e-04
5037	5.331380307600497e-04	5.370317963702527e-04
5101	5.331380307600497e-04	5.370317963702527e-04
%
% index = 781, name = bbob_f020_i03_d02__bbob_f020_i05_d02
% instance = 2, reference value = 9.757307673607630e-01
% function evaluation | indicator value | target hit
1	1.572446817184816e-01	1.584893192461113e-01
5	1.245726352415578e-01	1.258925411794167e-01
10	9.173668240695765e-02	9.332543007969910e-02
13	5.899324516742510e-02	6.025595860743578e-02
36	5.829030060850793e-02	5.888436553555890e-02
39	3.308530726676540e-02	3.311311214825911e-02
63	3.211367209169158e-02	3.235936569296283e-02
65	2.784609196944476e-02	2.818382931264454e-02
70	2.601564698225922e-02	2.630267991895381e-02
74	2.429373761644571e-02	2.454708915685030e-02
78	2.167495329205738e-02	2.187761623949553e-02
101	2.096034659039214e-02	2.137962089502233e-02
135	1.817498505482562e-02	1.819700858609984e-02
168	9.825979714492727e-03	1.000000000000000e-02
187	9.742083094636755e-03	9.772372209558112e-03
215	9.341818125036427e-03	9.549925860214359e-03
218	9.331933718086938e-03	9.332543007969915e-03
222	8.680494459129107e-03	8.709635899560805e-03
303	6.718412916940864e-03	6.760829753919818e-03
348	6.494288139049731e-03	6.606934480075957e-03
374	6.325520179814914e-03	6.456542290346556e-03
384	6.305522962487986e-03	6.309573444801930e-03
407	5.500730824458011e-03	5.623413251903491e-03
411	5.154539402363323e-03	5.248074602497728e-03
426	4.986966218209821e-03	5.011872336272725e-03
429	4.669688904493929e-03	4.677351412871981e-03
494	4.433460495468555e-03	4.466835921509630e-03
578	4.303926697392213e-03	4.365158322401661e-03
594	4.251735496004438e-03	4.265795188015926e-03
601	4.141223333868904e-03	4.168693834703355e-03
636	4.037786065747451e-03	4.073802778041126e-03
679	3.730784145410837e-03	3.801893963205613e-03
717	3.645372286074200e-03	3.715352290971724e-03
739	3.217253708233780e-03	3.235936569296281e-03
744	3.137287125951627e-03	3.162277660168379e-03
811	3.084438844172088e-03	3.090295432513592e-03
885	2.994632348924942e-03	3.019951720402016e-03
897	2.845556785285530e-03	2.884031503126605e-03
899	2.813940970488704e-03	2.818382931264455e-03
945	2.743132797452308e-03	2.754228703338166e-03
960	2.677381950753621e-03	2.691534803926917e-03
974	2.620394917576818e-03	2.630267991895381e-03
1019	2.461208080915989e-03	2.511886431509579e-03
1068	2.185732498986903e-03	2.187761623949552e-03
1168	1.959406286692555e-03	1.995262314968879e-03
1169	1.933705930768137e-03	1.949844599758046e-03
1185	1.627862714297046e-03	1.659586907437561e-03
1244	1.597140892971360e-03	1.621810097358930e-03
1250	1.512420336685527e-03	1.513561248436209e-03
1255	1.415800858122429e-03	1.445439770745928e-03
1260	1.366509071369815e-03	1.380384264602885e-03
1323	1.322550794325195e-03	1.348962882591653e-03
1332	1.303918235027179e-03	1.318256738556408e-03
1356	1.279032959497606e-03	1.288249551693134e-03
1407	1.245453801492213e-03	1.258925411794167e-03
1419	1.202089904823844e-03	1.202264434617413e-03
1434	1.170826956445548e-03	1.174897554939529e-03
1497	1.147527411599181e-03	1.148153621496883e-03
1550	1.043642563191005e-03	1.047128548050900e-03
1589	1.022450169129385e-03	1.023292992280754e-03
1664	9.735670338396618e-04	9.772372209558111e-04
1698	9.516112638778829e-04	9.549925860214359e-04
1797	9.281860980757672e-04	9.332543007969915e-04
1825	8.853511723204699e-04	8.912509381337459e-04
1870	8.664796692271493e-04	8.709635899560805e-04
1955	8.455688583296483e-04	8.511380382023768e-04
2048	8.238265735949213e-04	8.317637711026709e-04
2084	8.043699873926391e-04	8.128305161640995e-04
2107	7.892659048943651e-04	7.943282347242813e-04
2165	7.726365774027855e-04	7.762471166286919e-04
2167	7.447231711370517e-04	7.585775750291836e-04
2242	7.384628447594244e-04	7.413102413009177e-04
2301	7.150026699647150e-04	7.244359600749898e-04
2307	6.973186508579809e-04	7.079457843841380e-04
2365	6.910048370067923e-04	6.918309709189362e-04
2549	6.749758759777569e-04	6.760829753919819e-04
2684	6.604148150171074e-04	6.606934480075957e-04
2804	6.435511190515664e-04	6.456542290346556e-04
2904	5.997790234008038e-04	6.025595860743575e-04
2956	5.764961727211526e-04	5.888436553555889e-04
2974	5.688318032067707e-04	5.754399373371566e-04
3028	5.611322486793746e-04	5.623413251903491e-04
3112	5.493066399258062e-04	5.495408738576248e-04
3158	5.208633058648715e-04	5.248074602497728e-04
3238	5.117533903145066e-04	5.128613839913648e-04
3265	4.997761438669812e-04	5.011872336272725e-04
3416	4.897605492981683e-04	4.897788193684461e-04
3515	4.775938494760990e-04	4.786300923226385e-04
3615	4.673685154085172e-04	4.677351412871981e-04
3713	4.570498662200828e-04	4.570881896148752e-04
3808	4.456168423498941e-04	4.466835921509630e-04
3842	4.357964122618796e-04	4.365158322401661e-04
3962	4.185120004407406e-04	4.265795188015926e-04
3974	4.165982929343892e-04	4.168693834703355e-04
4043	4.064997613462129e-04	4.073802778041126e-04
4251	3.978820234229463e-04	3.981071705534974e-04
4411	3.805856508700689e-04	3.890451449942805e-04
4420	3.797968602685664e-04	3.801893963205612e-04
4521	3.708269536488729e-04	3.715352290971724e-04
4671	3.598808399281062e-04	3.630780547701014e-04
4826	3.543494537143754e-04	3.548133892335753e-04
4871	3.455594608788859e-04	3.467368504525317e-04
4942	3.384441901553847e-04	3.388441561392024e-04
5016	3.296339977090224e-04	3.311311214825911e-04
5101	3.266284418919074e-04	3.311311214825911e-04
%
% index = 782, name = bbob_f020_i07_d02__bbob_f020_i08_d02
% instance = 3, reference value = 9.757307685245200e-01
% function evaluation | indicator value | target hit
1	1.572446828822386e-01	1.584893192461113e-01
33	1.201515338044262e-01	1.202264434617413e-01
51	5.708117752058284e-02	5.754399373371569e-02
68	5.569006793171838e-02	5.623413251903491e-02
74	3.580025572457302e-02	3.630780547701014e-02
89	2.393161618950879e-02	2.398832919019490e-02
94	2.122897031125948e-02	2.137962089502233e-02
98	2.006906608379455e-02	2.041737944669529e-02
100	1.982875410556451e-02	1.995262314968880e-02
128	1.568071535768645e-02	1.584893192461113e-02
141	1.418436127343603e-02	1.445439770745927e-02
153	1.291423697656591e-02	1.318256738556407e-02
175	1.176904982926752e-02	1.202264434617413e-02
177	1.087848968882155e-02	1.096478196143185e-02
179	1.053709787133894e-02	1.071519305237606e-02
202	1.035279885948415e-02	1.047128548050900e-02
204	9.895016278103186e-03	1.000000000000000e-02
206	9.449980770672273e-03	9.549925860214359e-03
276	9.216590549103953e-03	9.332543007969915e-03
325	8.933918261576190e-03	9.120108393559097e-03
338	8.622080337558513e-03	8.709635899560805e-03
404	5.609847626234399e-03	5.623413251903491e-03
408	5.221058554282898e-03	5.248074602497728e-03
426	5.128217962651171e-03	5.128613839913648e-03
435	4.983304288312507e-03	5.011872336272725e-03
453	4.792696816149355e-03	4.897788193684461e-03
497	4.494641243317443e-03	4.570881896148752e-03
513	4.171317124133100e-03	4.265795188015926e-03
517	4.116407374574749e-03	4.168693834703355e-03
518	3.935917936395139e-03	3.981071705534973e-03
526	3.882199172620227e-03	3.890451449942805e-03
530	3.728382558071952e-03	3.801893963205613e-03
557	3.705331055824046e-03	3.715352290971724e-03
564	3.335976319811973e-03	3.388441561392024e-03
573	3.086316619246188e-03	3.090295432513592e-03
602	2.781136664845252e-03	2.818382931264455e-03
619	2.289030802269609e-03	2.290867652767772e-03
623	2.208558675910521e-03	2.238721138568340e-03
647	2.182658698303475e-03	2.187761623949552e-03
684	2.100731884281060e-03	2.137962089502233e-03
707	2.082636916278746e-03	2.089296130854039e-03
733	2.024060681408146e-03	2.041737944669530e-03
766	1.955340480908507e-03	1.995262314968879e-03
769	1.934858230762115e-03	1.949844599758046e-03
839	1.895081546434363e-03	1.905460717963246e-03
877	1.845675295273130e-03	1.862087136662868e-03
904	1.776591977894704e-03	1.778279410038923e-03
919	1.564308510740409e-03	1.584893192461114e-03
923	1.490974458935868e-03	1.513561248436209e-03
944	1.421040339379953e-03	1.445439770745928e-03
963	1.405717603913392e-03	1.412537544622754e-03
1030	1.354964242727852e-03	1.380384264602885e-03
1083	1.348304373708253e-03	1.348962882591653e-03
1125	1.293368467007672e-03	1.318256738556408e-03
1132	1.267515172541422e-03	1.288249551693134e-03
1158	1.258154780416576e-03	1.258925411794167e-03
1170	1.223932907704728e-03	1.230268770812381e-03
1195	1.167915220936067e-03	1.174897554939529e-03
1229	1.141262085070482e-03	1.148153621496883e-03
1387	1.114879636529120e-03	1.122018454301963e-03
1417	1.091241511972929e-03	1.096478196143185e-03
1491	1.068485672324426e-03	1.071519305237606e-03
1519	1.021485898059615e-03	1.023292992280754e-03
1538	9.948226664378002e-04	1.000000000000000e-03
1542	9.738527962571686e-04	9.772372209558111e-04
1573	9.520143530250547e-04	9.549925860214359e-04
1606	9.293636267448946e-04	9.332543007969915e-04
1689	9.057042430515860e-04	9.120108393559096e-04
1690	8.855038543696958e-04	8.912509381337459e-04
1743	8.560297269334383e-04	8.709635899560805e-04
1748	8.401981789327717e-04	8.511380382023768e-04
1755	8.292604774690071e-04	8.317637711026709e-04
1820	8.078235893362873e-04	8.128305161640995e-04
1857	7.873956205666222e-04	7.943282347242813e-04
1914	7.703183437450800e-04	7.762471166286919e-04
1981	7.564700875604125e-04	7.585775750291836e-04
2064	7.407943394346361e-04	7.413102413009177e-04
2182	7.164800623911116e-04	7.244359600749898e-04
2206	7.041427578711179e-04	7.079457843841380e-04
2303	6.866330072462512e-04	6.918309709189362e-04
2362	6.571702965436632e-04	6.606934480075957e-04
2419	6.451162909247854e-04	6.456542290346556e-04
2440	6.253516813223836e-04	6.309573444801930e-04
2464	6.099891090267651e-04	6.165950018614823e-04
2512	5.985643512288474e-04	6.025595860743575e-04
2632	5.886249454922776e-04	5.888436553555889e-04
2675	5.694954042436695e-04	5.754399373371566e-04
2701	5.524821572114869e-04	5.623413251903491e-04
2706	5.436842182666712e-04	5.495408738576248e-04
2732	5.339422169462482e-04	5.370317963702527e-04
2745	5.152747413094128e-04	5.248074602497728e-04
2755	5.128300291968868e-04	5.128613839913648e-04
2909	4.970836809151669e-04	5.011872336272725e-04
2947	4.877346828590090e-04	4.897788193684461e-04
2975	4.784117529387233e-04	4.786300923226385e-04
3029	4.614596591715481e-04	4.677351412871981e-04
3055	4.553550115916627e-04	4.570881896148752e-04
3112	4.464896719937883e-04	4.466835921509630e-04
3202	4.357566572743554e-04	4.365158322401661e-04
3225	4.259900814790329e-04	4.265795188015926e-04
3313	4.167436318419648e-04	4.168693834703355e-04
3380	4.024369906213687e-04	4.073802778041126e-04
3491	3.927580025103738e-04	3.981071705534974e-04
3501	3.875515722883138e-04	3.890451449942805e-04
3586	3.786903953363341e-04	3.801893963205612e-04
3667	3.669292658562417e-04	3.715352290971724e-04
3757	3.620218420642418e-04	3.630780547701014e-04
3848	3.540870079297154e-04	3.548133892335753e-04
3927	3.466136638506923e-04	3.467368504525317e-04
3977	3.336739703414526e-04	3.388441561392024e-04
4044	3.266345636990797e-04	3.311311214825911e-04
4129	3.219040065887135e-04	3.235936569296281e-04
4240	3.161070410100386e-04	3.162277660168379e-04
4447	3.082383430494939e-04	3.090295432513592e-04
4677	3.003434098290958e-04	3.019951720402016e-04
4805	2.918195579008076e-04	2.951209226666387e-04
4834	2.874397072332169e-04	2.884031503126605e-04
5001	2.794850755514222e-04	2.818382931264455e-04
5101	2.759683290632919e-04	2.818382931264455e-04
%
% index = 783, name = bbob_f020_i09_d02__bbob_f020_i10_d02
% instance = 4, reference value = 9.978756950238420e-01
% function evaluation | indicator value | target hit
1	3.288609182191515e-01	3.311311214825911e-01
5	2.138168467730166e-01	2.187761623949552e-01
9	1.710016865403189e-01	1.737800828749375e-01
36	1.279828361255528e-01	1.288249551693134e-01
57	3.150750277733494e-02	3.162277660168379e-02
75	2.921245273489403e-02	2.951209226666385e-02
76	2.694513574248047e-02	2.754228703338166e-02
94	2.585865753169581e-02	2.630267991895381e-02
145	1.347652548063560e-02	1.348962882591653e-02
221	1.039859963346812e-02	1.047128548050900e-02
256	1.017284435087740e-02	1.023292992280754e-02
271	9.939811748344018e-03	1.000000000000000e-02
325	9.759261917807294e-03	9.772372209558112e-03
391	4.145863552433071e-03	4.168693834703355e-03
442	3.453187197043128e-03	3.467368504525317e-03
646	3.302711007099890e-03	3.311311214825911e-03
720	2.971650737920828e-03	3.019951720402016e-03
824	2.907002104048928e-03	2.951209226666387e-03
876	1.868252945900317e-03	1.905460717963246e-03
1006	1.833485124611123e-03	1.862087136662868e-03
1289	1.802208467790112e-03	1.819700858609983e-03
1481	1.736087497007599e-03	1.737800828749376e-03
1638	1.697299489620607e-03	1.698243652461744e-03
1696	1.611113530946340e-03	1.621810097358930e-03
1796	1.391194740383850e-03	1.412537544622754e-03
1849	1.370339744286353e-03	1.380384264602885e-03
2038	1.344577539832303e-03	1.348962882591653e-03
2248	1.197464188491870e-03	1.202264434617413e-03
2275	1.158236116141298e-03	1.174897554939529e-03
2407	1.130999820425971e-03	1.148153621496883e-03
2690	1.110094834195108e-03	1.122018454301963e-03
2742	1.046883281786926e-03	1.047128548050900e-03
3188	9.873121675805230e-04	1.000000000000000e-03
3683	9.431730880969935e-04	9.549925860214359e-04
4319	8.369824935583470e-04	8.511380382023768e-04
4519	8.068993196035379e-04	8.128305161640995e-04
4843	7.880997793645594e-04	7.943282347242813e-04
4916	7.149582323202619e-04	7.244359600749898e-04
5101	7.103380552335725e-04	7.244359600749898e-04
%
% index = 784, name = bbob_f020_i11_d02__bbob_f020_i12_d02
% instance = 5, reference value = 7.061019560869700e-01
% function evaluation | indicator value | target hit
1	1.225791290625286e+03	1.230268770812381e+03
23	8.287137854824390e+02	8.317637711026708e+02
25	6.659507901655420e+02	6.760829753919819e+02
30	6.609194182292670e-01	6.760829753919817e-01
84	5.902157392421084e-01	6.025595860743578e-01
165	5.672898547041803e-01	5.754399373371569e-01
511	5.483543430743608e-01	5.495408738576245e-01
753	5.289362068667687e-01	5.370317963702527e-01
946	4.885198344104288e-01	4.897788193684462e-01
980	4.731228100623749e-01	4.786300923226383e-01
1206	3.008313965318508e-01	3.019951720402016e-01
1264	2.897496072307035e-01	2.951209226666385e-01
1344	2.752349284885950e-01	2.754228703338166e-01
2736	2.653736346449554e-01	2.691534803926916e-01
2785	2.450725013409439e-01	2.454708915685030e-01
3069	2.207322596630734e-01	2.238721138568339e-01
4973	2.162513812021962e-01	2.187761623949552e-01
5101	2.162513812021962e-01	2.187761623949552e-01
%
% index = 785, name = bbob_f020_i13_d02__bbob_f020_i14_d02
% instance = 6, reference value = 9.757307366374010e-01
% function evaluation | indicator value | target hit
1	1.572446509951195e-01	1.584893192461113e-01
5	1.537139024052940e-01	1.548816618912481e-01
8	1.063415609319530e-01	1.071519305237607e-01
14	8.933449480780054e-02	9.120108393559097e-02
18	4.569184384785308e-02	4.570881896148749e-02
34	4.443102189998061e-02	4.466835921509630e-02
47	4.313315351460001e-02	4.365158322401658e-02
67	3.950783567663552e-02	3.981071705534973e-02
74	3.696214291344013e-02	3.715352290971726e-02
145	3.584911274705305e-02	3.630780547701014e-02
155	3.419798742192959e-02	3.467368504525317e-02
160	3.194390470191522e-02	3.235936569296283e-02
171	3.145815496253546e-02	3.162277660168379e-02
178	2.841362714645956e-02	2.884031503126606e-02
182	2.739840296569906e-02	2.754228703338166e-02
187	1.972600015546477e-02	1.995262314968880e-02
215	1.944976052803515e-02	1.949844599758046e-02
233	1.635186328598981e-02	1.659586907437561e-02
270	1.597502405946261e-02	1.621810097358930e-02
312	1.360084294247710e-02	1.380384264602885e-02
360	1.081280282422070e-02	1.096478196143185e-02
375	7.706130708718617e-03	7.762471166286920e-03
420	6.446767631390737e-03	6.456542290346556e-03
480	6.146145835226213e-03	6.165950018614822e-03
490	5.539142663179675e-03	5.623413251903491e-03
502	5.435042917967259e-03	5.495408738576248e-03
513	5.088252031337892e-03	5.128613839913648e-03
535	4.881561571154935e-03	4.897788193684461e-03
548	4.496913195992436e-03	4.570881896148752e-03
571	4.443501536714578e-03	4.466835921509630e-03
573	3.993976925328768e-03	4.073802778041126e-03
597	3.837543415978084e-03	3.890451449942805e-03
624	3.042185628572280e-03	3.090295432513592e-03
626	2.814860789717488e-03	2.818382931264455e-03
630	2.710975960992346e-03	2.754228703338166e-03
633	2.678977597393550e-03	2.691534803926917e-03
668	2.454361230981417e-03	2.454708915685031e-03
679	2.394401912869215e-03	2.398832919019490e-03
715	2.331808173099859e-03	2.344228815319923e-03
795	2.220180739175626e-03	2.238721138568340e-03
844	2.083605279235901e-03	2.089296130854039e-03
881	2.038802254402228e-03	2.041737944669530e-03
892	1.980016269543472e-03	1.995262314968879e-03
981	1.847801967655327e-03	1.862087136662868e-03
1078	1.791908381434171e-03	1.819700858609983e-03
1079	1.719666857350255e-03	1.737800828749376e-03
1080	1.656933811695849e-03	1.659586907437561e-03
1094	1.610623404132094e-03	1.621810097358930e-03
1127	1.559711927010765e-03	1.584893192461114e-03
1137	1.540898094379961e-03	1.548816618912481e-03
1143	1.417810997783819e-03	1.445439770745928e-03
1163	1.395853955001636e-03	1.412537544622754e-03
1181	1.352532650852556e-03	1.380384264602885e-03
1186	1.347582845637851e-03	1.348962882591653e-03
1233	1.310949891087598e-03	1.318256738556408e-03
1239	1.271784108735630e-03	1.288249551693134e-03
1282	1.255379572954185e-03	1.258925411794167e-03
1292	1.200901520464148e-03	1.202264434617413e-03
1377	1.164973148791160e-03	1.174897554939529e-03
1415	1.145426158401852e-03	1.148153621496883e-03
1445	1.108884063128146e-03	1.122018454301963e-03
1483	1.086650369223396e-03	1.096478196143185e-03
1554	1.066775325744396e-03	1.071519305237606e-03
1569	1.044033947358303e-03	1.047128548050900e-03
1663	1.022544087101673e-03	1.023292992280754e-03
1753	9.987447612797018e-04	1.000000000000000e-03
1813	9.736629157149901e-04	9.772372209558111e-04
1874	9.347564743595882e-04	9.549925860214359e-04
1899	9.323892312662618e-04	9.332543007969915e-04
1933	8.794185862652792e-04	8.912509381337459e-04
1948	8.681593312149793e-04	8.709635899560805e-04
1997	8.453948834109548e-04	8.511380382023768e-04
2005	7.687519816798050e-04	7.762471166286919e-04
2052	7.496312424473128e-04	7.585775750291836e-04
2166	7.407241921990604e-04	7.413102413009177e-04
2312	7.191006535078870e-04	7.244359600749898e-04
2401	6.990176761804134e-04	7.079457843841380e-04
2467	6.904493466631800e-04	6.918309709189362e-04
2469	6.739075863175792e-04	6.760829753919819e-04
2581	6.588141165196904e-04	6.606934480075957e-04
2617	6.410238568627102e-04	6.456542290346556e-04
2731	6.254249832758907e-04	6.309573444801930e-04
2803	6.120105094679085e-04	6.165950018614823e-04
2865	5.823285342524409e-04	5.888436553555889e-04
2918	5.681926273212179e-04	5.754399373371566e-04
2969	5.590213952939571e-04	5.623413251903491e-04
3012	5.456962299108525e-04	5.495408738576248e-04
3102	5.358928721357348e-04	5.370317963702527e-04
3169	5.222288129794750e-04	5.248074602497728e-04
3257	5.115953066869849e-04	5.128613839913648e-04
3335	5.001520900652645e-04	5.011872336272725e-04
3419	4.858375329273024e-04	4.897788193684461e-04
3486	4.750538981476149e-04	4.786300923226385e-04
3510	4.651421196028016e-04	4.677351412871981e-04
3534	4.437950318285644e-04	4.466835921509630e-04
3589	4.302250427100640e-04	4.365158322401661e-04
3672	4.260084457323732e-04	4.265795188015926e-04
3716	4.164218368025718e-04	4.168693834703355e-04
3837	4.037987848068969e-04	4.073802778041126e-04
3898	3.961759481942995e-04	3.981071705534974e-04
3977	3.876618107852003e-04	3.890451449942805e-04
4007	3.799721461986705e-04	3.801893963205612e-04
4175	3.713119211891103e-04	3.715352290971724e-04
4186	3.630318991008075e-04	3.630780547701014e-04
4249	3.500949560429900e-04	3.548133892335753e-04
4261	3.451374987127886e-04	3.467368504525317e-04
4386	3.384411701243817e-04	3.388441561392024e-04
4593	3.310527163816745e-04	3.311311214825911e-04
4665	3.195531222517367e-04	3.235936569296281e-04
4735	3.143903522476732e-04	3.162277660168379e-04
4803	3.062082227680563e-04	3.090295432513592e-04
4824	3.005237901251290e-04	3.019951720402016e-04
4842	2.950367507561502e-04	2.951209226666387e-04
5094	2.882908344892243e-04	2.884031503126605e-04
5101	2.882908344892243e-04	2.884031503126605e-04
%
% index = 786, name = bbob_f020_i15_d02__bbob_f020_i16_d02
% instance = 7, reference value = 9.757307327462610e-01
% function evaluation | indicator value | target hit
1	1.572446471039796e-01	1.584893192461113e-01
3	1.500925145129712e-01	1.513561248436208e-01
13	1.128291829773944e-01	1.148153621496883e-01
32	5.259742046008353e-02	5.370317963702527e-02
35	4.512990389817828e-02	4.570881896148749e-02
56	4.273553995047974e-02	4.365158322401658e-02
58	2.958275951743050e-02	3.019951720402016e-02
60	2.619610551088880e-02	2.630267991895381e-02
71	2.319058643280103e-02	2.344228815319923e-02
73	1.562270556631784e-02	1.584893192461113e-02
87	1.463784332629192e-02	1.479108388168207e-02
93	1.359919213122451e-02	1.380384264602885e-02
127	1.017656048294380e-02	1.023292992280754e-02
174	9.851819466839218e-03	1.000000000000000e-02
190	8.705635044289339e-03	8.709635899560805e-03
193	8.120260898774823e-03	8.128305161640995e-03
216	7.797723531974499e-03	7.943282347242814e-03
218	7.527239266785779e-03	7.585775750291836e-03
248	5.799786834955745e-03	5.888436553555890e-03
276	5.480975593092685e-03	5.495408738576248e-03
288	5.348086450675971e-03	5.370317963702527e-03
304	5.019798259491393e-03	5.128613839913648e-03
315	4.989252863452420e-03	5.011872336272725e-03
323	4.697714129008546e-03	4.786300923226385e-03
331	4.020588093276323e-03	4.073802778041126e-03
344	3.953463553268310e-03	3.981071705534973e-03
347	3.434941079630605e-03	3.467368504525317e-03
355	3.270207543792480e-03	3.311311214825911e-03
358	3.196545913971449e-03	3.235936569296281e-03
380	3.115016977271790e-03	3.162277660168379e-03
386	3.037825875471634e-03	3.090295432513592e-03
426	3.012319380281459e-03	3.019951720402016e-03
437	2.941901212366371e-03	2.951209226666387e-03
497	2.883965196089022e-03	2.884031503126605e-03
510	2.723132355272107e-03	2.754228703338166e-03
524	2.687636143077654e-03	2.691534803926917e-03
571	2.623445654552192e-03	2.630267991895381e-03
576	2.459708974802299e-03	2.511886431509579e-03
601	2.449717473827051e-03	2.454708915685031e-03
682	2.397440698125863e-03	2.398832919019490e-03
683	2.139952364325293e-03	2.187761623949552e-03
690	2.129553220804437e-03	2.137962089502233e-03
704	2.076651300598642e-03	2.089296130854039e-03
728	1.969660671999884e-03	1.995262314968879e-03
746	1.913436146796954e-03	1.949844599758046e-03
774	1.897576993113659e-03	1.905460717963246e-03
830	1.860408248261392e-03	1.862087136662868e-03
870	1.814745947999463e-03	1.819700858609983e-03
876	1.759462932789946e-03	1.778279410038923e-03
896	1.724106718768326e-03	1.737800828749376e-03
928	1.539799281842114e-03	1.548816618912481e-03
940	1.498684363936187e-03	1.513561248436209e-03
1003	1.477202047962756e-03	1.479108388168207e-03
1019	1.435888616300396e-03	1.445439770745928e-03
1038	1.382627441126050e-03	1.412537544622754e-03
1048	1.366506266089917e-03	1.380384264602885e-03
1050	1.333114872567265e-03	1.348962882591653e-03
1051	1.311662688339155e-03	1.318256738556408e-03
1060	1.263769312706886e-03	1.288249551693134e-03
1142	1.187566021738307e-03	1.202264434617413e-03
1151	1.164867817365134e-03	1.174897554939529e-03
1166	1.107670128834726e-03	1.122018454301963e-03
1205	1.087056742625103e-03	1.096478196143185e-03
1215	1.066515618477148e-03	1.071519305237606e-03
1290	1.032788429949916e-03	1.047128548050900e-03
1312	9.971451542716281e-04	1.000000000000000e-03
1339	9.675906180148797e-04	9.772372209558111e-04
1388	9.174506600313492e-04	9.332543007969915e-04
1401	9.043883729146218e-04	9.120108393559096e-04
1425	8.821961312174276e-04	8.912509381337459e-04
1463	8.641175261722145e-04	8.709635899560805e-04
1492	8.485994398202967e-04	8.511380382023768e-04
1592	8.213528242384527e-04	8.317637711026709e-04
1715	8.086295090791173e-04	8.128305161640995e-04
1826	7.912356905713791e-04	7.943282347242813e-04
1920	7.758947916768344e-04	7.762471166286919e-04
2032	7.497404120354600e-04	7.585775750291836e-04
2040	7.321629747751857e-04	7.413102413009177e-04
2098	7.162702469007964e-04	7.244359600749898e-04
2116	7.074110549272206e-04	7.079457843841380e-04
2235	6.912849451163883e-04	6.918309709189362e-04
2255	6.756660142408499e-04	6.760829753919819e-04
2291	6.221578753665691e-04	6.309573444801930e-04
2330	6.165324975055952e-04	6.165950018614823e-04
2422	5.980808086425426e-04	6.025595860743575e-04
2518	5.873597820589271e-04	5.888436553555889e-04
2524	5.696643874930629e-04	5.754399373371566e-04
2592	5.620161383206312e-04	5.623413251903491e-04
2717	5.476957643162361e-04	5.495408738576248e-04
2866	5.352049551118343e-04	5.370317963702527e-04
2970	5.214488489764246e-04	5.248074602497728e-04
2974	5.085706004824830e-04	5.128613839913648e-04
2992	4.979470369411709e-04	5.011872336272725e-04
3026	4.885741085736139e-04	4.897788193684461e-04
3103	4.784742840489020e-04	4.786300923226385e-04
3182	4.654865244922979e-04	4.677351412871981e-04
3297	4.561527068784876e-04	4.570881896148752e-04
3445	4.456396465362111e-04	4.466835921509630e-04
3694	4.365049280100619e-04	4.365158322401661e-04
3740	4.256633164264612e-04	4.265795188015926e-04
3788	4.152102399590518e-04	4.168693834703355e-04
3940	4.064541301485036e-04	4.073802778041126e-04
3998	3.846071810592600e-04	3.890451449942805e-04
4062	3.794779646889568e-04	3.801893963205612e-04
4111	3.677585880093037e-04	3.715352290971724e-04
4249	3.595453835290030e-04	3.630780547701014e-04
4280	3.527260650165731e-04	3.548133892335753e-04
4364	3.452679552126137e-04	3.467368504525317e-04
4409	3.375139899042257e-04	3.388441561392024e-04
4518	3.295198143760114e-04	3.311311214825911e-04
4548	3.233077509274818e-04	3.235936569296281e-04
4634	3.158604974061729e-04	3.162277660168379e-04
4751	3.073533419596375e-04	3.090295432513592e-04
4851	2.977086288716846e-04	3.019951720402016e-04
4915	2.946208507219605e-04	2.951209226666387e-04
4933	2.874709300265677e-04	2.884031503126605e-04
5083	2.817910799891576e-04	2.818382931264455e-04
5094	2.735524107616571e-04	2.754228703338166e-04
5101	2.730915934086031e-04	2.754228703338166e-04
%
% index = 787, name = bbob_f020_i17_d02__bbob_f020_i18_d02
% instance = 8, reference value = 9.757307311243550e-01
% function evaluation | indicator value | target hit
1	1.572446454820736e-01	1.584893192461113e-01
6	1.301331445920844e-01	1.318256738556407e-01
11	9.736018760148579e-02	9.772372209558107e-02
22	9.169439374931954e-02	9.332543007969910e-02
33	6.439436556809719e-02	6.456542290346556e-02
42	5.256052649631637e-02	5.370317963702527e-02
43	5.140725135109658e-02	5.248074602497726e-02
45	2.515879625296868e-02	2.570395782768863e-02
46	2.409300347571541e-02	2.454708915685030e-02
47	1.923313040448027e-02	1.949844599758046e-02
51	1.875412749082861e-02	1.905460717963247e-02
62	1.327931016087358e-02	1.348962882591653e-02
68	1.248858600970204e-02	1.258925411794167e-02
93	1.109641054065802e-02	1.122018454301964e-02
103	9.057842359947110e-03	9.120108393559097e-03
110	7.836223984523771e-03	7.943282347242814e-03
111	7.545795228998897e-03	7.585775750291836e-03
135	7.191608178941600e-03	7.244359600749898e-03
189	6.901810606757208e-03	6.918309709189363e-03
203	6.632780181974440e-03	6.760829753919818e-03
244	6.437786094799836e-03	6.456542290346556e-03
248	6.296989704261402e-03	6.309573444801930e-03
272	5.988064593152376e-03	6.025595860743574e-03
274	5.862068032060908e-03	5.888436553555890e-03
298	4.742916947131692e-03	4.786300923226385e-03
304	4.549239188224252e-03	4.570881896148752e-03
316	4.370886640845395e-03	4.466835921509630e-03
317	4.166844472158981e-03	4.168693834703355e-03
402	3.956195065359491e-03	3.981071705534973e-03
445	3.654689720645199e-03	3.715352290971724e-03
449	3.076303673030134e-03	3.090295432513592e-03
465	2.889760254836338e-03	2.951209226666387e-03
469	2.668927542486599e-03	2.691534803926917e-03
535	2.572218587928443e-03	2.630267991895381e-03
552	2.570196510518485e-03	2.570395782768865e-03
613	2.501126794321684e-03	2.511886431509579e-03
644	2.450400101715600e-03	2.454708915685031e-03
652	2.329456193448487e-03	2.344228815319923e-03
670	2.236117043187602e-03	2.238721138568340e-03
707	2.156703916948555e-03	2.187761623949552e-03
726	2.014265831790096e-03	2.041737944669530e-03
730	1.982344308614659e-03	1.995262314968879e-03
740	1.816324145063941e-03	1.819700858609983e-03
747	1.765035240928414e-03	1.778279410038923e-03
781	1.732124965493242e-03	1.737800828749376e-03
827	1.681376923334588e-03	1.698243652461744e-03
865	1.647997841196513e-03	1.659586907437561e-03
877	1.589118682622903e-03	1.621810097358930e-03
930	1.574829839926739e-03	1.584893192461114e-03
972	1.533367808355224e-03	1.548816618912481e-03
1037	1.491890263398465e-03	1.513561248436209e-03
1050	1.444747788409195e-03	1.445439770745928e-03
1113	1.393930456357495e-03	1.412537544622754e-03
1117	1.318723430143387e-03	1.348962882591653e-03
1123	1.273452251099427e-03	1.288249551693134e-03
1207	1.258254847108842e-03	1.258925411794167e-03
1291	1.227505792745442e-03	1.230268770812381e-03
1322	1.197970601573894e-03	1.202264434617413e-03
1336	1.169072421852380e-03	1.174897554939529e-03
1392	1.123306923870193e-03	1.148153621496883e-03
1402	1.112656052995042e-03	1.122018454301963e-03
1454	1.091849376961052e-03	1.096478196143185e-03
1482	1.061977064485076e-03	1.071519305237606e-03
1561	1.044354435310146e-03	1.047128548050900e-03
1583	1.023030183236018e-03	1.023292992280754e-03
1591	9.985042003640698e-04	1.000000000000000e-03
1625	9.707007022372593e-04	9.772372209558111e-04
1663	9.376745123921282e-04	9.549925860214359e-04
1680	9.301443674881726e-04	9.332543007969915e-04
1717	9.071083634715205e-04	9.120108393559096e-04
1758	8.907578184355058e-04	8.912509381337459e-04
1802	8.709268151885219e-04	8.709635899560805e-04
1867	8.470364154320453e-04	8.511380382023768e-04
1926	8.310508502986647e-04	8.317637711026709e-04
1989	8.086451365042491e-04	8.128305161640995e-04
2080	7.897009060238158e-04	7.943282347242813e-04
2193	7.733760573923609e-04	7.762471166286919e-04
2215	6.817434997075100e-04	6.918309709189362e-04
2220	6.550407978337391e-04	6.606934480075957e-04
2321	6.448564336234419e-04	6.456542290346556e-04
2414	6.301708787682658e-04	6.309573444801930e-04
2503	6.134720839355845e-04	6.165950018614823e-04
2549	6.016725078573648e-04	6.025595860743575e-04
2641	5.888429769667081e-04	5.888436553555889e-04
2726	5.749866167615858e-04	5.754399373371566e-04
2876	5.604911974230742e-04	5.623413251903491e-04
2940	5.481050516483732e-04	5.495408738576248e-04
3124	5.365015661301653e-04	5.370317963702527e-04
3153	4.980221783129624e-04	5.011872336272725e-04
3295	4.889873619134955e-04	4.897788193684461e-04
3383	4.785946164299615e-04	4.786300923226385e-04
3460	4.671253343632165e-04	4.677351412871981e-04
3628	4.550299504608724e-04	4.570881896148752e-04
3635	4.410718834512162e-04	4.466835921509630e-04
3691	4.364014366615709e-04	4.365158322401661e-04
3795	4.247029447613793e-04	4.265795188015926e-04
3972	4.147129411871120e-04	4.168693834703355e-04
4177	4.071592846203176e-04	4.073802778041126e-04
4244	3.949807641628889e-04	3.981071705534974e-04
4409	3.859888435884251e-04	3.890451449942805e-04
4432	3.747489295823359e-04	3.801893963205612e-04
4486	3.710283152323912e-04	3.715352290971724e-04
4673	3.590174967964543e-04	3.630780547701014e-04
4754	3.544140484577074e-04	3.548133892335753e-04
4888	3.405646499089476e-04	3.467368504525317e-04
4889	3.280881930632917e-04	3.311311214825911e-04
5007	3.232257664035343e-04	3.235936569296281e-04
5036	3.103573414029448e-04	3.162277660168379e-04
5058	3.047768434090159e-04	3.090295432513592e-04
5080	3.015865732399758e-04	3.019951720402016e-04
5101	3.015865732399758e-04	3.019951720402016e-04
%
% index = 788, name = bbob_f020_i19_d02__bbob_f020_i21_d02
% instance = 9, reference value = 9.978756850006650e-01
% function evaluation | indicator value | target hit
1	3.288609081959746e-01	3.311311214825911e-01
7	3.181565229959021e-01	3.235936569296283e-01
10	3.135372901376073e-01	3.162277660168379e-01
19	2.252881315736099e-01	2.290867652767773e-01
97	2.135628151258142e-01	2.137962089502232e-01
112	5.239058946943664e-02	5.248074602497726e-02
120	3.984213999590847e-02	4.073802778041128e-02
152	2.897773398298664e-02	2.951209226666385e-02
208	2.384724608377276e-02	2.398832919019490e-02
212	2.214930147278604e-02	2.238721138568340e-02
381	2.160118152420565e-02	2.187761623949553e-02
391	2.092516313638693e-02	2.137962089502233e-02
406	1.408135425995516e-02	1.412537544622754e-02
430	1.353434721094615e-02	1.380384264602885e-02
433	8.865323452028617e-03	8.912509381337459e-03
434	8.157973678278418e-03	8.317637711026709e-03
536	8.126738471733952e-03	8.128305161640995e-03
620	7.738321176842367e-03	7.762471166286920e-03
667	5.270601366825334e-03	5.370317963702527e-03
707	4.710796065634404e-03	4.786300923226385e-03
719	4.624439246254552e-03	4.677351412871981e-03
761	3.699136577860807e-03	3.715352290971724e-03
894	3.600605162612180e-03	3.630780547701014e-03
906	3.330411646215281e-03	3.388441561392024e-03
918	2.841747129883276e-03	2.884031503126605e-03
1233	2.759096039923303e-03	2.818382931264455e-03
1315	2.529639693182650e-03	2.570395782768865e-03
1418	2.399284544042701e-03	2.454708915685031e-03
1628	2.341538134232102e-03	2.344228815319923e-03
1665	2.249125826576215e-03	2.290867652767772e-03
1709	2.238000379668259e-03	2.238721138568340e-03
1852	2.113835461948210e-03	2.137962089502233e-03
1907	1.972502653280972e-03	1.995262314968879e-03
1938	1.776421338201328e-03	1.778279410038923e-03
2075	1.439430430646094e-03	1.445439770745928e-03
2211	1.342529518864155e-03	1.348962882591653e-03
2573	1.268667170331250e-03	1.288249551693134e-03
2622	1.254580930435290e-03	1.258925411794167e-03
2941	1.214291057346717e-03	1.230268770812381e-03
2963	1.165301126279883e-03	1.174897554939529e-03
3311	1.139514684112775e-03	1.148153621496883e-03
3318	1.082358844310960e-03	1.096478196143185e-03
3468	1.068041671038134e-03	1.071519305237606e-03
3912	1.026398982938881e-03	1.047128548050900e-03
3975	1.021776710117384e-03	1.023292992280754e-03
5101	1.018044899281700e-03	1.023292992280754e-03
%
% index = 789, name = bbob_f020_i21_d02__bbob_f020_i22_d02
% instance = 10, reference value = 7.061017871410030e-01
% function evaluation | indicator value | target hit
1	1.225791290456340e+03	1.230268770812381e+03
49	5.615747827403907e+02	5.623413251903490e+02
63	4.820433881972143e-01	4.897788193684462e-01
147	4.649827717308220e-01	4.677351412871982e-01
219	4.487694919211886e-01	4.570881896148750e-01
350	4.449314685893949e-01	4.466835921509631e-01
540	3.691984303383695e-01	3.715352290971726e-01
550	3.601388362820795e-01	3.630780547701014e-01
1056	3.078836281557856e-01	3.090295432513591e-01
1776	2.696750294100269e-01	2.754228703338166e-01
2459	2.681563959039255e-01	2.691534803926916e-01
3119	2.060353770166260e-01	2.089296130854039e-01
3735	1.639248646619480e-01	1.659586907437560e-01
4079	1.527758380613450e-01	1.548816618912481e-01
5091	1.507801976439024e-01	1.513561248436208e-01
5101	1.507801976439024e-01	1.513561248436208e-01
%
% index = 790, name = bbob_f020_i23_d02__bbob_f020_i24_d02
% instance = 11, reference value = 1.000000000000000e+00
% function evaluation | indicator value | target hit
1	1.226085188669198e+03	1.230268770812381e+03
31	1.516033196923223e+02	1.548816618912481e+02
58	3.259956108778000e+00	3.311311214825911e+00
104	9.199491820638680e-01	9.332543007969910e-01
252	8.832397749384564e-01	8.912509381337456e-01
377	7.751632884893267e-01	7.762471166286917e-01
445	7.394723742958510e-01	7.413102413009175e-01
476	6.963705298739709e-01	7.079457843841379e-01
754	6.895124332242279e-01	6.918309709189365e-01
1148	6.611476652645744e-01	6.760829753919817e-01
1371	6.578537439327317e-01	6.606934480075960e-01
1832	6.395320947408824e-01	6.456542290346555e-01
2019	6.124421991751864e-01	6.165950018614822e-01
2522	5.082146283109696e-01	5.128613839913648e-01
2876	4.961699480682621e-01	5.011872336272722e-01
3442	4.837187213987014e-01	4.897788193684462e-01
5101	4.837187213987014e-01	4.897788193684462e-01
%
% index = 791, name = bbob_f020_i25_d02__bbob_f020_i26_d02
% instance = 12, reference value = 1.000000000000000e+00
% function evaluation | indicator value | target hit
1	1.815139143577186e-01	1.819700858609984e-01
12	1.293871337542865e-01	1.318256738556407e-01
14	7.431246544589343e-02	7.585775750291836e-02
43	6.557674327346352e-02	6.606934480075961e-02
47	6.338743071445840e-02	6.456542290346556e-02
91	5.453936241233870e-02	5.495408738576246e-02
98	5.307936914322431e-02	5.370317963702527e-02
166	4.389585808087970e-02	4.466835921509630e-02
173	4.270924726003200e-02	4.365158322401658e-02
186	4.236385327556880e-02	4.265795188015926e-02
192	3.803779857011569e-02	3.890451449942807e-02
201	3.779847130311453e-02	3.801893963205612e-02
221	3.702021490534613e-02	3.715352290971726e-02
261	3.612302079508789e-02	3.630780547701014e-02
263	3.099448405095651e-02	3.162277660168379e-02
308	3.089661814931299e-02	3.090295432513590e-02
313	2.958221120506754e-02	3.019951720402016e-02
319	2.944938096480398e-02	2.951209226666385e-02
404	2.882659908076213e-02	2.884031503126606e-02
445	2.791500010778636e-02	2.818382931264454e-02
532	2.745760873499481e-02	2.754228703338166e-02
604	2.686080351013642e-02	2.691534803926915e-02
709	2.629030084180761e-02	2.630267991895381e-02
978	2.559213242902802e-02	2.570395782768863e-02
1692	2.510364539430054e-02	2.511886431509579e-02
5101	2.455904996071190e-02	2.511886431509579e-02
%
% index = 792, name = bbob_f020_i27_d02__bbob_f020_i28_d02
% instance = 13, reference value = 1.000000000000000e+00
% function evaluation | indicator value | target hit
1	1.226085188669199e+03	1.230268770812381e+03
26	7.955618981219678e+02	8.128305161640995e+02
32	8.819501445731833e-01	8.912509381337456e-01
230	7.580170549726858e-01	7.585775750291838e-01
249	7.272988047533274e-01	7.413102413009175e-01
361	7.165273469600231e-01	7.244359600749900e-01
438	7.079072313053398e-01	7.079457843841379e-01
450	6.757079719301176e-01	6.760829753919817e-01
580	6.573478893679584e-01	6.606934480075960e-01
1274	6.373847978849456e-01	6.456542290346555e-01
1840	6.171408834751793e-01	6.309573444801932e-01
2115	6.050700603505297e-01	6.165950018614822e-01
2277	6.011242972339620e-01	6.025595860743578e-01
3215	5.888091606322208e-01	5.888436553555889e-01
3721	5.569342615240765e-01	5.623413251903491e-01
4067	5.315945458350662e-01	5.370317963702527e-01
5101	5.315945458350662e-01	5.370317963702527e-01
%
% index = 793, name = bbob_f020_i29_d02__bbob_f020_i30_d02
% instance = 14, reference value = 1.000000000000000e+00
% function evaluation | indicator value | target hit
1	3.309852231953095e-01	3.311311214825911e-01
4	2.047517416608793e-01	2.089296130854039e-01
8	1.898603137804042e-01	1.905460717963247e-01
14	6.271537338493482e-02	6.309573444801933e-02
42	6.164846645921396e-02	6.165950018614822e-02
97	5.964487742252156e-02	6.025595860743578e-02
103	5.828126717871718e-02	5.888436553555890e-02
114	3.182693704748696e-02	3.235936569296283e-02
126	2.179654448721169e-02	2.187761623949553e-02
276	2.099854409111557e-02	2.137962089502233e-02
290	1.861355432727951e-02	1.862087136662868e-02
348	1.760800879296731e-02	1.778279410038923e-02
359	1.725655864145137e-02	1.737800828749375e-02
364	1.475910268481340e-02	1.479108388168207e-02
407	1.321802830688268e-02	1.348962882591653e-02
412	8.882183039983671e-03	8.912509381337459e-03
520	8.528128510375654e-03	8.709635899560805e-03
526	8.507782839172640e-03	8.511380382023767e-03
647	6.282599022357727e-03	6.309573444801930e-03
657	5.619662698133965e-03	5.623413251903491e-03
662	5.099587691518748e-03	5.128613839913648e-03
919	4.966053768336920e-03	5.011872336272725e-03
922	4.896129622803835e-03	4.897788193684461e-03
1361	4.785184272628196e-03	4.786300923226385e-03
1463	4.646563920756464e-03	4.677351412871981e-03
1718	4.438486378600226e-03	4.466835921509630e-03
2014	3.799801610257059e-03	3.801893963205613e-03
2432	3.537633616658931e-03	3.548133892335753e-03
2554	3.394659834299096e-03	3.467368504525317e-03
2627	3.384412633262057e-03	3.388441561392024e-03
3499	3.238893756521088e-03	3.311311214825911e-03
3604	3.204314968821231e-03	3.235936569296281e-03
4121	3.156361543863007e-03	3.162277660168379e-03
4486	3.058716185635579e-03	3.090295432513592e-03
4808	3.019679506812922e-03	3.019951720402016e-03
5101	2.983743153333607e-03	3.019951720402016e-03
%
% index = 794, name = bbob_f020_i31_d02__bbob_f020_i34_d02
% instance = 15, reference value = 1.000000000000000e+00
% function evaluation | indicator value | target hit
1	1.226085188669198e+03	1.230268770812381e+03
16	7.460496700772749e+02	7.585775750291835e+02
40	3.978766863642600e+02	3.981071705534973e+02
66	9.230698420128309e-01	9.332543007969910e-01
206	8.921965385999806e-01	9.120108393559098e-01
247	8.376957325257403e-01	8.511380382023764e-01
311	8.058476647936719e-01	8.128305161640993e-01
377	7.724759463669811e-01	7.762471166286917e-01
450	7.235066584090082e-01	7.244359600749900e-01
873	7.035350336633556e-01	7.079457843841379e-01
1124	6.671370978733753e-01	6.760829753919817e-01
1127	6.381383606940438e-01	6.456542290346555e-01
1384	5.670455656543716e-01	5.754399373371569e-01
2086	5.618535387779156e-01	5.623413251903491e-01
2507	5.468890196367615e-01	5.495408738576245e-01
3731	5.334133432479835e-01	5.370317963702527e-01
4250	5.194743633080914e-01	5.248074602497725e-01
4274	5.090590557174787e-01	5.128613839913648e-01
5101	5.088805077243235e-01	5.128613839913648e-01
