%
% index = 0, name = bbob_f001_i02_d02__bbob_f001_i04_d02
% instance = 1, reference value = 8.333329238494520e-01
% function evaluation | indicator value | target hit
1	5.910890219930732e-01	6.025595860743578e-01
4	5.702955820990285e-01	5.754399373371569e-01
31	5.065896454964449e-01	5.128613839913648e-01
66	4.126818823471523e-01	4.168693834703354e-01
100	4.001502485891376e-01	4.073802778041127e-01
113	3.545764490507347e-01	3.548133892335755e-01
118	3.102040526172970e-01	3.162277660168379e-01
137	2.013690484545180e-01	2.041737944669530e-01
214	1.818732213785897e-01	1.819700858609984e-01
238	1.415302907393726e-01	1.445439770745928e-01
313	1.323983541079227e-01	1.348962882591654e-01
314	1.258406415832095e-01	1.258925411794167e-01
329	1.187158018884541e-01	1.202264434617413e-01
354	1.056600951407882e-01	1.071519305237607e-01
372	1.044660242020309e-01	1.047128548050900e-01
407	9.887571968669451e-02	1.000000000000000e-01
422	9.559522433027678e-02	9.772372209558107e-02
427	8.659574557424166e-02	8.709635899560805e-02
433	7.547232597174580e-02	7.585775750291836e-02
496	6.243462313785475e-02	6.309573444801933e-02
539	5.990868417709250e-02	6.025595860743578e-02
543	5.510918694512368e-02	5.623413251903491e-02
554	4.558182920256759e-02	4.570881896148749e-02
575	4.424747280472796e-02	4.466835921509630e-02
594	4.137967611101367e-02	4.168693834703355e-02
607	4.017328899041817e-02	4.073802778041128e-02
619	3.924295977331183e-02	3.981071705534973e-02
690	3.685176179893945e-02	3.715352290971726e-02
722	3.579115892426976e-02	3.630780547701014e-02
729	3.543549580851690e-02	3.548133892335755e-02
788	3.354174751910999e-02	3.388441561392026e-02
818	3.078295774205653e-02	3.090295432513590e-02
865	2.928081813418226e-02	2.951209226666385e-02
867	2.858824186873010e-02	2.884031503126606e-02
1017	2.741948267521555e-02	2.754228703338166e-02
1035	2.661338871465668e-02	2.691534803926915e-02
1060	2.542795623013083e-02	2.570395782768863e-02
1085	2.462343517659249e-02	2.511886431509579e-02
1116	2.404295945313839e-02	2.454708915685030e-02
1118	2.382754585006563e-02	2.398832919019490e-02
1123	2.320679402726533e-02	2.344228815319923e-02
1272	2.237119168660950e-02	2.238721138568340e-02
1311	2.186746226839709e-02	2.187761623949553e-02
1329	2.110208318178441e-02	2.137962089502233e-02
1380	2.050631757740995e-02	2.089296130854040e-02
1404	1.959396900923249e-02	1.995262314968880e-02
1426	1.926520923844166e-02	1.949844599758046e-02
1427	1.726014348292204e-02	1.737800828749375e-02
1467	1.687325934035944e-02	1.698243652461744e-02
1514	1.633397550736704e-02	1.659586907437561e-02
1545	1.619187202913241e-02	1.621810097358930e-02
1743	1.562583416554908e-02	1.584893192461113e-02
1757	1.537264991493492e-02	1.548816618912481e-02
1785	1.501179842214406e-02	1.513561248436208e-02
1808	1.464558156408213e-02	1.479108388168207e-02
1920	1.402924965147834e-02	1.412537544622754e-02
1965	1.367011705496568e-02	1.380384264602885e-02
1996	1.323055491039393e-02	1.348962882591653e-02
2007	1.302235325750767e-02	1.318256738556407e-02
2054	1.278841657245999e-02	1.288249551693134e-02
2083	1.236047472914903e-02	1.258925411794167e-02
2084	1.228943848120245e-02	1.230268770812382e-02
2259	1.173656025721137e-02	1.174897554939530e-02
2330	1.126183015433235e-02	1.148153621496883e-02
2447	1.121345811814367e-02	1.122018454301964e-02
2514	1.086613892219956e-02	1.096478196143185e-02
2577	1.065427398968266e-02	1.071519305237606e-02
2594	1.045237290770873e-02	1.047128548050900e-02
2728	1.013073799189401e-02	1.023292992280754e-02
2814	9.851425140152914e-03	1.000000000000000e-02
2848	9.660884084069066e-03	9.772372209558112e-03
2905	9.356774027939885e-03	9.549925860214359e-03
2936	9.315904084946647e-03	9.332543007969915e-03
3125	8.944587208211341e-03	9.120108393559097e-03
3136	8.907291340820911e-03	8.912509381337459e-03
3312	8.697630226968234e-03	8.709635899560805e-03
3536	8.471464788723848e-03	8.511380382023767e-03
3694	8.236062149027723e-03	8.317637711026709e-03
3780	8.012971055763596e-03	8.128305161640995e-03
3785	7.941780980775470e-03	7.943282347242814e-03
4031	7.692306329860510e-03	7.762471166286920e-03
4089	7.574405620799696e-03	7.585775750291836e-03
4316	7.405713713890094e-03	7.413102413009177e-03
4441	7.205755437276529e-03	7.244359600749898e-03
4611	6.983944095134920e-03	7.079457843841380e-03
4718	6.871767279816754e-03	6.918309709189363e-03
4732	6.758296275529374e-03	6.760829753919818e-03
4808	6.560803985398378e-03	6.606934480075957e-03
4928	6.415447362745574e-03	6.456542290346556e-03
5029	6.232408464497574e-03	6.309573444801930e-03
5097	6.078097943335026e-03	6.165950018614822e-03
5101	6.078097943335026e-03	6.165950018614822e-03
%
% index = 1, name = bbob_f001_i03_d02__bbob_f001_i05_d02
% instance = 2, reference value = 8.333329313078850e-01
% function evaluation | indicator value | target hit
1	2.759153226565130e-01	2.818382931264454e-01
8	1.983623475912244e-01	1.995262314968880e-01
20	1.538160187481964e-01	1.548816618912481e-01
49	1.436539903451837e-01	1.445439770745928e-01
58	1.352207776064053e-01	1.380384264602885e-01
76	1.273765372610871e-01	1.288249551693134e-01
154	1.141606752507487e-01	1.148153621496883e-01
167	1.108916402538266e-01	1.122018454301964e-01
200	9.814660593255065e-02	1.000000000000000e-01
216	9.449799362432632e-02	9.549925860214359e-02
220	9.267447018460329e-02	9.332543007969910e-02
224	7.278070458592456e-02	7.413102413009177e-02
250	6.525535074414524e-02	6.606934480075961e-02
264	5.942798907753155e-02	6.025595860743578e-02
313	5.271650730459332e-02	5.370317963702527e-02
331	5.120707347851472e-02	5.128613839913648e-02
356	4.792747260655728e-02	4.897788193684462e-02
360	4.486922688298822e-02	4.570881896148749e-02
398	4.383933472258972e-02	4.466835921509630e-02
412	4.268348750410911e-02	4.365158322401658e-02
432	4.253418277276289e-02	4.265795188015926e-02
443	4.116508104468131e-02	4.168693834703355e-02
459	4.038597374753461e-02	4.073802778041128e-02
507	3.961898323233093e-02	3.981071705534973e-02
552	3.680792102438668e-02	3.715352290971726e-02
558	3.540912402671126e-02	3.548133892335755e-02
571	3.447117473078531e-02	3.467368504525317e-02
572	3.115398844972372e-02	3.162277660168379e-02
607	3.028221561109601e-02	3.090295432513590e-02
609	3.011043684437642e-02	3.019951720402016e-02
623	2.919313032793280e-02	2.951209226666385e-02
641	2.881066188856207e-02	2.884031503126606e-02
646	2.764886624215224e-02	2.818382931264454e-02
650	2.657061304435637e-02	2.691534803926915e-02
663	2.621372690796431e-02	2.630267991895381e-02
678	2.499213409225676e-02	2.511886431509579e-02
714	2.382931941004396e-02	2.398832919019490e-02
717	2.338646673999767e-02	2.344228815319923e-02
828	2.281755740259883e-02	2.290867652767773e-02
855	2.211053563406218e-02	2.238721138568340e-02
880	2.160782048411503e-02	2.187761623949553e-02
888	2.071209010220565e-02	2.089296130854040e-02
920	2.027052298450416e-02	2.041737944669529e-02
975	1.988182099619895e-02	1.995262314968880e-02
988	1.916000233673343e-02	1.949844599758046e-02
1000	1.883106310020477e-02	1.905460717963247e-02
1039	1.818996780680193e-02	1.819700858609984e-02
1047	1.740841868180576e-02	1.778279410038923e-02
1058	1.735075366262517e-02	1.737800828749375e-02
1096	1.658498629936656e-02	1.659586907437561e-02
1179	1.468370842273026e-02	1.479108388168207e-02
1192	1.444568133303681e-02	1.445439770745927e-02
1216	1.407506509977630e-02	1.412537544622754e-02
1290	1.374342130676787e-02	1.380384264602885e-02
1314	1.342511628364096e-02	1.348962882591653e-02
1401	1.246125592475533e-02	1.258925411794167e-02
1437	1.227930106840358e-02	1.230268770812382e-02
1550	1.065702959748982e-02	1.071519305237606e-02
1580	1.035304962541250e-02	1.047128548050900e-02
1604	1.020026149940434e-02	1.023292992280754e-02
1714	9.736262448393984e-03	9.772372209558112e-03
1845	9.470169057835043e-03	9.549925860214359e-03
1893	9.303749145562201e-03	9.332543007969915e-03
2053	9.009350698057528e-03	9.120108393559097e-03
2122	8.757871886303170e-03	8.912509381337459e-03
2172	8.668806916448446e-03	8.709635899560805e-03
2275	8.431119056897307e-03	8.511380382023767e-03
2302	8.248272303921556e-03	8.317637711026709e-03
2419	8.105988428035449e-03	8.128305161640995e-03
2464	7.909175738220808e-03	7.943282347242814e-03
2605	7.669193311336864e-03	7.762471166286920e-03
2628	7.403074716477720e-03	7.413102413009177e-03
2692	7.212922606497862e-03	7.244359600749898e-03
2758	7.059676051529351e-03	7.079457843841380e-03
2823	6.888768021805269e-03	6.918309709189363e-03
2945	6.726393060491054e-03	6.760829753919818e-03
3071	6.599292193872675e-03	6.606934480075957e-03
3317	6.400817790056190e-03	6.456542290346556e-03
3379	6.291393024415282e-03	6.309573444801930e-03
3443	6.005361578559576e-03	6.025595860743574e-03
3634	5.882419503007830e-03	5.888436553555890e-03
3725	5.747498180549537e-03	5.754399373371567e-03
3977	5.535888992108995e-03	5.623413251903491e-03
4012	5.431650663508480e-03	5.495408738576248e-03
4114	5.355078738590091e-03	5.370317963702527e-03
4127	5.236954431456886e-03	5.248074602497728e-03
4230	5.115890546472435e-03	5.128613839913648e-03
4654	4.926210180008272e-03	5.011872336272725e-03
4719	4.879236645694118e-03	4.897788193684461e-03
4926	4.766348224073957e-03	4.786300923226385e-03
5101	4.720979831672412e-03	4.786300923226385e-03
%
% index = 2, name = bbob_f001_i07_d02__bbob_f001_i08_d02
% instance = 3, reference value = 8.333329223541970e-01
% function evaluation | indicator value | target hit
1	8.862563115171969e-01	8.912509381337456e-01
25	7.460412378310893e-01	7.585775750291838e-01
65	3.217571751784126e-01	3.235936569296283e-01
114	2.803403815838615e-01	2.818382931264454e-01
152	2.385064220817940e-01	2.398832919019490e-01
222	1.843881428851666e-01	1.862087136662867e-01
313	1.582840669150176e-01	1.584893192461113e-01
393	1.475649646224253e-01	1.479108388168208e-01
401	1.370937140372436e-01	1.380384264602885e-01
448	1.233530271806328e-01	1.258925411794167e-01
454	8.884634129987945e-02	8.912509381337455e-02
519	8.459291459944696e-02	8.511380382023763e-02
549	8.263640618355617e-02	8.317637711026708e-02
645	6.553715284765427e-02	6.606934480075961e-02
676	6.256265392277460e-02	6.309573444801933e-02
683	5.387130251918548e-02	5.495408738576246e-02
697	5.172089248156375e-02	5.248074602497726e-02
706	4.806240084453661e-02	4.897788193684462e-02
805	4.779509455340480e-02	4.786300923226382e-02
894	4.038306157004334e-02	4.073802778041128e-02
1005	3.889852422260720e-02	3.890451449942807e-02
1018	3.785590821829210e-02	3.801893963205612e-02
1029	3.360232425904230e-02	3.388441561392026e-02
1056	3.285000656314863e-02	3.311311214825911e-02
1244	3.199191333061102e-02	3.235936569296283e-02
1357	3.084966327625904e-02	3.090295432513590e-02
1435	2.932593584643606e-02	2.951209226666385e-02
1479	2.785141843652839e-02	2.818382931264454e-02
1545	2.665516371361520e-02	2.691534803926915e-02
1664	2.578900955951302e-02	2.630267991895381e-02
1823	2.527203007948509e-02	2.570395782768863e-02
2183	2.448617637939265e-02	2.454708915685030e-02
2224	2.382844486117486e-02	2.398832919019490e-02
2286	2.337192652598752e-02	2.344228815319923e-02
2392	2.124900549572140e-02	2.137962089502233e-02
2481	2.075497675981752e-02	2.089296130854040e-02
2579	2.039714530606718e-02	2.041737944669529e-02
2773	1.949648344938837e-02	1.949844599758046e-02
2810	1.860347781440297e-02	1.862087136662868e-02
2995	1.699994657879789e-02	1.737800828749375e-02
3148	1.692959567613095e-02	1.698243652461744e-02
3247	1.624985135937518e-02	1.659586907437561e-02
3268	1.543024948627036e-02	1.548816618912481e-02
3415	1.506194566731522e-02	1.513561248436208e-02
3466	1.465398200904500e-02	1.479108388168207e-02
3767	1.427889769795498e-02	1.445439770745927e-02
3873	1.405405781666580e-02	1.412537544622754e-02
3883	1.346921344493213e-02	1.348962882591653e-02
4102	1.283127039226661e-02	1.288249551693134e-02
4398	1.244347151975467e-02	1.258925411794167e-02
4720	1.207655156255061e-02	1.230268770812382e-02
4822	1.186306181949259e-02	1.202264434617413e-02
5058	1.167711812628225e-02	1.174897554939530e-02
5062	1.104988939890372e-02	1.122018454301964e-02
5101	1.104452750643714e-02	1.122018454301964e-02
%
% index = 3, name = bbob_f001_i09_d02__bbob_f001_i10_d02
% instance = 4, reference value = 8.333328673091780e-01
% function evaluation | indicator value | target hit
1	3.704593622186734e-01	3.715352290971726e-01
4	2.808561864222074e-01	2.818382931264454e-01
20	1.908943662427853e-01	1.949844599758045e-01
62	1.557024069117330e-01	1.584893192461113e-01
160	1.513698745320519e-01	1.548816618912481e-01
171	1.510899730275391e-01	1.513561248436208e-01
192	1.060334357567486e-01	1.071519305237607e-01
243	1.005292403418705e-01	1.023292992280754e-01
263	9.971707677839481e-02	1.000000000000000e-01
278	6.892612339965498e-02	6.918309709189366e-02
292	6.524704100957535e-02	6.606934480075961e-02
304	6.448482069547179e-02	6.456542290346556e-02
414	6.201949654294725e-02	6.309573444801933e-02
442	5.886675933106722e-02	5.888436553555890e-02
527	5.696192994727722e-02	5.754399373371569e-02
531	4.590432432061275e-02	4.677351412871981e-02
545	4.338086726479562e-02	4.365158322401658e-02
562	4.217755976677806e-02	4.265795188015926e-02
570	4.160975203207440e-02	4.168693834703355e-02
593	4.068497835660323e-02	4.073802778041128e-02
628	3.935001079580580e-02	3.981071705534973e-02
637	3.879888622526018e-02	3.890451449942807e-02
643	3.695123525783084e-02	3.715352290971726e-02
644	3.628144374644526e-02	3.630780547701014e-02
655	2.932304795111562e-02	2.951209226666385e-02
694	2.865983290326624e-02	2.884031503126606e-02
829	2.776401662346528e-02	2.818382931264454e-02
839	2.720674420847058e-02	2.754228703338166e-02
842	2.663019254566967e-02	2.691534803926915e-02
945	2.628052832381023e-02	2.630267991895381e-02
1098	2.510327411042779e-02	2.511886431509579e-02
1317	2.338336582029876e-02	2.344228815319923e-02
1349	2.272234913021776e-02	2.290867652767773e-02
1448	2.208383736721287e-02	2.238721138568340e-02
1556	2.120962284827710e-02	2.137962089502233e-02
1589	2.080489939883789e-02	2.089296130854040e-02
1609	1.885364501278652e-02	1.905460717963247e-02
1671	1.849149855162846e-02	1.862087136662868e-02
1812	1.801099601005307e-02	1.819700858609984e-02
2000	1.702515409390415e-02	1.737800828749375e-02
2026	1.697640207209927e-02	1.698243652461744e-02
2186	1.649684530333273e-02	1.659586907437561e-02
2320	1.604606221690408e-02	1.621810097358930e-02
2353	1.471469858414565e-02	1.479108388168207e-02
2364	1.416890395983017e-02	1.445439770745927e-02
2385	1.384642107391121e-02	1.412537544622754e-02
2463	1.372266281328671e-02	1.380384264602885e-02
2510	1.335284101508383e-02	1.348962882591653e-02
2533	1.308206683923951e-02	1.318256738556407e-02
2688	1.275589116278586e-02	1.288249551693134e-02
2793	1.247253462279230e-02	1.258925411794167e-02
2803	1.213840093523522e-02	1.230268770812382e-02
2880	1.201601961447241e-02	1.202264434617413e-02
2886	1.173336252266366e-02	1.174897554939530e-02
2960	1.145070430187645e-02	1.148153621496883e-02
3079	1.103552286350828e-02	1.122018454301964e-02
3180	1.075165767893438e-02	1.096478196143185e-02
3187	1.044066750965922e-02	1.047128548050900e-02
3308	1.018548171034350e-02	1.023292992280754e-02
3501	9.906469865516354e-03	1.000000000000000e-02
3598	9.768350620967481e-03	9.772372209558112e-03
3799	9.525202579295677e-03	9.549925860214359e-03
4033	9.241073961887225e-03	9.332543007969915e-03
4319	9.033804439425808e-03	9.120108393559097e-03
4387	8.872173405943928e-03	8.912509381337459e-03
4445	8.627967515349111e-03	8.709635899560805e-03
4743	8.402844036434431e-03	8.511380382023767e-03
4803	8.258753605749236e-03	8.317637711026709e-03
5016	8.063795045427868e-03	8.128305161640995e-03
5101	8.059611477799211e-03	8.128305161640995e-03
%
% index = 4, name = bbob_f001_i11_d02__bbob_f001_i12_d02
% instance = 5, reference value = 8.333329452963470e-01
% function evaluation | indicator value | target hit
1	2.755743096683392e-01	2.818382931264454e-01
5	2.162915499149091e-01	2.187761623949552e-01
17	1.949418986644046e-01	1.949844599758045e-01
44	1.659898096235507e-01	1.698243652461744e-01
45	1.644523552076027e-01	1.659586907437560e-01
47	1.460039999555386e-01	1.479108388168208e-01
65	1.044641655495230e-01	1.047128548050900e-01
85	8.953972144849398e-02	9.120108393559097e-02
87	8.215079230317823e-02	8.317637711026708e-02
90	6.360706194003962e-02	6.456542290346556e-02
124	6.259101021622204e-02	6.309573444801933e-02
136	6.089502181987727e-02	6.165950018614822e-02
147	6.023696180528948e-02	6.025595860743578e-02
207	5.446112499069133e-02	5.495408738576246e-02
230	4.927448754874575e-02	5.011872336272722e-02
238	4.551929038451219e-02	4.570881896148749e-02
260	4.066444661355806e-02	4.073802778041128e-02
267	3.861836518275219e-02	3.890451449942807e-02
279	3.753549287062341e-02	3.801893963205612e-02
284	3.687320264974503e-02	3.715352290971726e-02
301	3.542257159875373e-02	3.548133892335755e-02
316	3.443375687415429e-02	3.467368504525317e-02
328	3.386109677452276e-02	3.388441561392026e-02
349	3.264064974470005e-02	3.311311214825911e-02
371	3.215773138957745e-02	3.235936569296283e-02
401	2.767351222538827e-02	2.818382931264454e-02
402	2.728113664589649e-02	2.754228703338166e-02
403	2.672179801175811e-02	2.691534803926915e-02
426	2.529222334283598e-02	2.570395782768863e-02
517	2.275577236159620e-02	2.290867652767773e-02
542	2.189405190181060e-02	2.238721138568340e-02
555	2.114600900004882e-02	2.137962089502233e-02
572	2.061857169455050e-02	2.089296130854040e-02
594	2.027191028428155e-02	2.041737944669529e-02
613	1.812244863283308e-02	1.819700858609984e-02
657	1.715690571756978e-02	1.737800828749375e-02
661	1.696879262682605e-02	1.698243652461744e-02
671	1.650651935631908e-02	1.659586907437561e-02
751	1.612800050787111e-02	1.621810097358930e-02
810	1.563382161919458e-02	1.584893192461113e-02
876	1.522270602109421e-02	1.548816618912481e-02
894	1.502332702053766e-02	1.513561248436208e-02
916	1.463575900847647e-02	1.479108388168207e-02
928	1.441202185766532e-02	1.445439770745927e-02
938	1.410842878815011e-02	1.412537544622754e-02
952	1.362101427162943e-02	1.380384264602885e-02
1010	1.338572753014811e-02	1.348962882591653e-02
1058	1.316673186894368e-02	1.318256738556407e-02
1165	1.276500943409054e-02	1.288249551693134e-02
1241	1.230550431165567e-02	1.258925411794167e-02
1249	1.229947423947675e-02	1.230268770812382e-02
1316	1.163977637531555e-02	1.174897554939530e-02
1327	1.143821055154015e-02	1.148153621496883e-02
1352	1.111781420805835e-02	1.122018454301964e-02
1391	1.087842771307257e-02	1.096478196143185e-02
1418	1.053438975496046e-02	1.071519305237606e-02
1437	1.042756182726901e-02	1.047128548050900e-02
1505	1.020661859545069e-02	1.023292992280754e-02
1617	9.897839635745087e-03	1.000000000000000e-02
1637	9.676669702802121e-03	9.772372209558112e-03
1662	9.433591910774974e-03	9.549925860214359e-03
1677	9.289675193195346e-03	9.332543007969915e-03
1743	9.115845769648745e-03	9.120108393559097e-03
1799	8.888547682467496e-03	8.912509381337459e-03
1838	8.628218680936883e-03	8.709635899560805e-03
1904	8.493384417474936e-03	8.511380382023767e-03
1912	8.242192051551078e-03	8.317637711026709e-03
1982	8.026235685228089e-03	8.128305161640995e-03
2001	7.847968416130224e-03	7.943282347242814e-03
2029	7.755562053267773e-03	7.762471166286920e-03
2085	7.502788655348036e-03	7.585775750291836e-03
2113	7.287062342648642e-03	7.413102413009177e-03
2135	7.031342071241786e-03	7.079457843841380e-03
2248	6.879887721127909e-03	6.918309709189363e-03
2262	6.607443569458082e-03	6.760829753919818e-03
2296	6.566377827733616e-03	6.606934480075957e-03
2321	6.453337211767551e-03	6.456542290346556e-03
2428	6.236386050098908e-03	6.309573444801930e-03
2531	6.152676341553476e-03	6.165950018614822e-03
2620	6.023427726104424e-03	6.025595860743574e-03
2736	5.762408661940666e-03	5.888436553555890e-03
2739	5.714625397653217e-03	5.754399373371567e-03
2758	5.545309073799576e-03	5.623413251903491e-03
2777	5.491705146734693e-03	5.495408738576248e-03
2844	5.350145960169916e-03	5.370317963702527e-03
2890	5.210611192583592e-03	5.248074602497728e-03
2967	5.085041510750399e-03	5.128613839913648e-03
3006	4.988931605520608e-03	5.011872336272725e-03
3049	4.884303791168887e-03	4.897788193684461e-03
3110	4.750519032653111e-03	4.786300923226385e-03
3238	4.668303427408094e-03	4.677351412871981e-03
3380	4.560009153023903e-03	4.570881896148752e-03
3382	4.452981504529330e-03	4.466835921509630e-03
3437	4.350778884541828e-03	4.365158322401661e-03
3530	4.207364686780179e-03	4.265795188015926e-03
3593	4.159374476598421e-03	4.168693834703355e-03
3727	4.070687104643866e-03	4.073802778041126e-03
3830	3.973576010130264e-03	3.981071705534973e-03
4154	3.880511835730571e-03	3.890451449942805e-03
4492	3.797820728211221e-03	3.801893963205613e-03
4683	3.715191542193796e-03	3.715352290971724e-03
4767	3.603397340574688e-03	3.630780547701014e-03
4811	3.546678392048253e-03	3.548133892335753e-03
5094	3.463724454785821e-03	3.467368504525317e-03
5101	3.463724454785821e-03	3.467368504525317e-03
%
% index = 5, name = bbob_f001_i13_d02__bbob_f001_i14_d02
% instance = 6, reference value = 8.333327991892260e-01
% function evaluation | indicator value | target hit
1	4.441338200993755e-01	4.466835921509631e-01
37	3.287234464068838e-01	3.311311214825911e-01
53	2.143012226820956e-01	2.187761623949552e-01
55	1.930634277283632e-01	1.949844599758045e-01
61	1.768467738447305e-01	1.778279410038923e-01
81	1.683248562138574e-01	1.698243652461744e-01
218	1.649701754629959e-01	1.659586907437560e-01
223	1.336891282706385e-01	1.348962882591654e-01
268	1.286970669253299e-01	1.288249551693134e-01
346	1.252922476097632e-01	1.258925411794167e-01
371	1.123368863921507e-01	1.148153621496883e-01
474	9.903114870917740e-02	1.000000000000000e-01
484	9.742213336585970e-02	9.772372209558107e-02
510	9.207988059672645e-02	9.332543007969910e-02
548	9.066304160370320e-02	9.120108393559097e-02
553	8.716332068072241e-02	8.912509381337455e-02
558	8.265630194290963e-02	8.317637711026708e-02
567	8.096364723454641e-02	8.128305161640990e-02
614	7.498588982883880e-02	7.585775750291836e-02
627	7.005746641849731e-02	7.079457843841380e-02
634	6.694698429902324e-02	6.760829753919818e-02
743	6.361726112480304e-02	6.456542290346556e-02
770	6.153106659592711e-02	6.165950018614822e-02
818	5.996287740663953e-02	6.025595860743578e-02
830	5.866860030228105e-02	5.888436553555890e-02
857	5.339961602429755e-02	5.370317963702527e-02
1056	5.110041329215587e-02	5.128613839913648e-02
1221	4.299254258838603e-02	4.365158322401658e-02
1255	4.228686682649041e-02	4.265795188015926e-02
1356	3.853214899642576e-02	3.890451449942807e-02
1371	3.759657431426977e-02	3.801893963205612e-02
1446	3.551489851222367e-02	3.630780547701014e-02
1463	3.472802941556308e-02	3.548133892335755e-02
1513	3.458340681473215e-02	3.467368504525317e-02
1538	3.382663788290807e-02	3.388441561392026e-02
1578	3.204731810452421e-02	3.235936569296283e-02
1591	2.941628846725597e-02	2.951209226666385e-02
1606	2.867137290571597e-02	2.884031503126606e-02
1649	2.794389324154145e-02	2.818382931264454e-02
1693	2.748022441683518e-02	2.754228703338166e-02
1756	2.677900844725112e-02	2.691534803926915e-02
1917	2.614309152960959e-02	2.630267991895381e-02
2014	2.182274329619427e-02	2.187761623949553e-02
2256	2.069506745687055e-02	2.089296130854040e-02
2328	2.034713753747619e-02	2.041737944669529e-02
2521	1.894551017064028e-02	1.905460717963247e-02
2705	1.829636710364635e-02	1.862087136662868e-02
2733	1.774575125804845e-02	1.778279410038923e-02
2857	1.725848888115211e-02	1.737800828749375e-02
3016	1.679213149564829e-02	1.698243652461744e-02
3026	1.620038359921760e-02	1.621810097358930e-02
3190	1.571483200430202e-02	1.584893192461113e-02
3349	1.525653320281473e-02	1.548816618912481e-02
3455	1.477522616488858e-02	1.479108388168207e-02
3598	1.408061101487434e-02	1.412537544622754e-02
3719	1.369173225133269e-02	1.380384264602885e-02
3921	1.343920550595534e-02	1.348962882591653e-02
3951	1.273575654995440e-02	1.288249551693134e-02
3973	1.258581253423297e-02	1.258925411794167e-02
4037	1.209253946441580e-02	1.230268770812382e-02
4216	1.197827889658176e-02	1.202264434617413e-02
4359	1.155799384016210e-02	1.174897554939530e-02
4503	1.142238577371035e-02	1.148153621496883e-02
4649	1.119190550041027e-02	1.122018454301964e-02
4652	1.084517084566083e-02	1.096478196143185e-02
4976	1.039586616821053e-02	1.047128548050900e-02
5016	1.013768800721904e-02	1.023292992280754e-02
5101	1.012611524498275e-02	1.023292992280754e-02
%
% index = 6, name = bbob_f001_i15_d02__bbob_f001_i16_d02
% instance = 7, reference value = 8.333327994794310e-01
% function evaluation | indicator value | target hit
1	4.410782659224526e-01	4.466835921509631e-01
33	2.844019002052652e-01	2.884031503126606e-01
39	1.859463711975479e-01	1.862087136662867e-01
83	1.567709741446620e-01	1.584893192461113e-01
102	1.382409006297617e-01	1.412537544622754e-01
140	1.333735494086542e-01	1.348962882591654e-01
154	1.294037349149724e-01	1.318256738556407e-01
229	8.647992298328266e-02	8.709635899560805e-02
246	8.423101892777429e-02	8.511380382023763e-02
312	7.722684360349363e-02	7.762471166286916e-02
318	7.536326845185937e-02	7.585775750291836e-02
332	7.057588778155777e-02	7.079457843841380e-02
353	6.435420261179303e-02	6.456542290346556e-02
410	6.305702351881748e-02	6.309573444801933e-02
417	6.102816640261988e-02	6.165950018614822e-02
418	5.980745384224562e-02	6.025595860743578e-02
443	5.075744190188636e-02	5.128613839913648e-02
453	4.846101864411256e-02	4.897788193684462e-02
454	4.721242318467600e-02	4.786300923226382e-02
578	4.520508200566098e-02	4.570881896148749e-02
596	4.406630894669250e-02	4.466835921509630e-02
600	4.131203952033868e-02	4.168693834703355e-02
626	3.561623117778645e-02	3.630780547701014e-02
634	3.503855495967445e-02	3.548133892335755e-02
690	3.156562341876057e-02	3.162277660168379e-02
728	3.067470490430391e-02	3.090295432513590e-02
762	2.868907999965997e-02	2.884031503126606e-02
847	2.745545821779327e-02	2.754228703338166e-02
959	2.681498000350313e-02	2.691534803926915e-02
1009	2.326738153687657e-02	2.344228815319923e-02
1012	2.273200007898124e-02	2.290867652767773e-02
1024	2.203894882742718e-02	2.238721138568340e-02
1109	2.157976773499182e-02	2.187761623949553e-02
1132	2.124378365030710e-02	2.137962089502233e-02
1143	2.087717196710448e-02	2.089296130854040e-02
1189	1.973778301785878e-02	1.995262314968880e-02
1201	1.947042721243086e-02	1.949844599758046e-02
1241	1.891232621763517e-02	1.905460717963247e-02
1284	1.803524509262755e-02	1.819700858609984e-02
1291	1.739279141911387e-02	1.778279410038923e-02
1317	1.660361241090513e-02	1.698243652461744e-02
1347	1.619087035921196e-02	1.621810097358930e-02
1427	1.566564046935648e-02	1.584893192461113e-02
1464	1.542324366617476e-02	1.548816618912481e-02
1529	1.505876441598475e-02	1.513561248436208e-02
1602	1.447007225530028e-02	1.479108388168207e-02
1604	1.435189113838120e-02	1.445439770745927e-02
1670	1.410624094631030e-02	1.412537544622754e-02
1731	1.329469964719698e-02	1.348962882591653e-02
1841	1.303158308432351e-02	1.318256738556407e-02
1906	1.287525352748575e-02	1.288249551693134e-02
1946	1.206821169869454e-02	1.230268770812382e-02
1969	1.178821221732373e-02	1.202264434617413e-02
2005	1.168131838249420e-02	1.174897554939530e-02
2047	1.130384603790480e-02	1.148153621496883e-02
2104	1.101486155365006e-02	1.122018454301964e-02
2181	1.088710409680416e-02	1.096478196143185e-02
2200	1.047569745157173e-02	1.071519305237606e-02
2204	1.032176453766964e-02	1.047128548050900e-02
2230	1.010043968743324e-02	1.023292992280754e-02
2237	9.972354408192663e-03	1.000000000000000e-02
2412	9.696351168382633e-03	9.772372209558112e-03
2440	9.543754556214146e-03	9.549925860214359e-03
2565	9.312856171635797e-03	9.332543007969915e-03
2626	9.110179724481360e-03	9.120108393559097e-03
2753	8.892548741007977e-03	8.912509381337459e-03
2888	8.578072127327419e-03	8.709635899560805e-03
2889	8.364695586714155e-03	8.511380382023767e-03
2969	8.173182118057842e-03	8.317637711026709e-03
2973	8.084885448435886e-03	8.128305161640995e-03
3152	7.872815678518164e-03	7.943282347242814e-03
3171	7.719173295288928e-03	7.762471166286920e-03
3243	7.499308455700571e-03	7.585775750291836e-03
3258	7.389831416233061e-03	7.413102413009177e-03
3467	7.237052103224562e-03	7.244359600749898e-03
3487	7.007252001911990e-03	7.079457843841380e-03
3504	6.917947021893966e-03	6.918309709189363e-03
3808	6.694294282466262e-03	6.760829753919818e-03
3947	6.577255621867506e-03	6.606934480075957e-03
4004	6.452704557548428e-03	6.456542290346556e-03
4161	6.308853276170812e-03	6.309573444801930e-03
4436	6.147910401231416e-03	6.165950018614822e-03
4484	6.006476308476616e-03	6.025595860743574e-03
4666	5.872343252748879e-03	5.888436553555890e-03
4778	5.752206245028701e-03	5.754399373371567e-03
5014	5.611362224300365e-03	5.623413251903491e-03
5101	5.581122615582967e-03	5.623413251903491e-03
%
% index = 7, name = bbob_f001_i17_d02__bbob_f001_i18_d02
% instance = 8, reference value = 8.333326448705800e-01
% function evaluation | indicator value | target hit
1	5.182837656840857e-01	5.248074602497725e-01
60	3.912658142582477e-01	3.981071705534972e-01
67	3.868075515540741e-01	3.890451449942806e-01
82	3.486491548991620e-01	3.548133892335755e-01
113	3.148504117053955e-01	3.162277660168379e-01
122	1.526713050886036e-01	1.548816618912481e-01
139	1.480475943907641e-01	1.513561248436208e-01
190	1.444826050165062e-01	1.445439770745928e-01
216	1.281868615053315e-01	1.288249551693134e-01
231	1.234631643496923e-01	1.258925411794167e-01
233	1.164001092707010e-01	1.174897554939529e-01
264	1.079091687988095e-01	1.096478196143185e-01
271	1.016165574541297e-01	1.023292992280754e-01
309	8.064539727451892e-02	8.128305161640990e-02
331	7.658077504743288e-02	7.762471166286916e-02
343	7.278276716899290e-02	7.413102413009177e-02
368	7.186443393685960e-02	7.244359600749903e-02
371	7.049913370339589e-02	7.079457843841380e-02
410	6.852740488695241e-02	6.918309709189366e-02
424	6.559608837310793e-02	6.606934480075961e-02
450	6.282806655678186e-02	6.309573444801933e-02
490	5.679511714155039e-02	5.754399373371569e-02
520	5.167093882495422e-02	5.248074602497726e-02
524	5.031949863783336e-02	5.128613839913648e-02
531	5.003418768418222e-02	5.011872336272722e-02
538	4.848461902622259e-02	4.897788193684462e-02
544	4.347391516597732e-02	4.365158322401658e-02
545	4.220475945595503e-02	4.265795188015926e-02
611	4.161062982081876e-02	4.168693834703355e-02
643	3.916875390120933e-02	3.981071705534973e-02
671	3.884637801524737e-02	3.890451449942807e-02
719	3.697090622721977e-02	3.715352290971726e-02
729	3.421044812349994e-02	3.467368504525317e-02
737	3.289905407051730e-02	3.311311214825911e-02
756	3.044604016604247e-02	3.090295432513590e-02
797	2.989419636769264e-02	3.019951720402016e-02
825	2.943702331400067e-02	2.951209226666385e-02
904	2.667926786645214e-02	2.691534803926915e-02
925	2.564520734279130e-02	2.570395782768863e-02
933	2.511884651029328e-02	2.511886431509579e-02
974	2.425346659478178e-02	2.454708915685030e-02
1009	2.281280046881351e-02	2.290867652767773e-02
1040	2.236642289838509e-02	2.238721138568340e-02
1044	2.164602539602356e-02	2.187761623949553e-02
1147	2.131123192201001e-02	2.137962089502233e-02
1213	2.024163701015769e-02	2.041737944669529e-02
1247	1.957777394741522e-02	1.995262314968880e-02
1252	1.935395227641767e-02	1.949844599758046e-02
1473	1.759986156735871e-02	1.778279410038923e-02
1581	1.728945697415529e-02	1.737800828749375e-02
1632	1.697257907695959e-02	1.698243652461744e-02
1690	1.640664502190947e-02	1.659586907437561e-02
1817	1.598342547203191e-02	1.621810097358930e-02
1849	1.581901365250360e-02	1.584893192461113e-02
1901	1.533748698333059e-02	1.548816618912481e-02
2060	1.462792505222454e-02	1.479108388168207e-02
2132	1.440749118616824e-02	1.445439770745927e-02
2229	1.397483594442495e-02	1.412537544622754e-02
2366	1.363281621684742e-02	1.380384264602885e-02
2422	1.325897905287721e-02	1.348962882591653e-02
2461	1.314847666225627e-02	1.318256738556407e-02
2528	1.259158881548761e-02	1.288249551693134e-02
2620	1.257506201190151e-02	1.258925411794167e-02
2665	1.226530553726490e-02	1.230268770812382e-02
2726	1.199991814057899e-02	1.202264434617413e-02
2748	1.163477971917315e-02	1.174897554939530e-02
2815	1.143615951875987e-02	1.148153621496883e-02
2945	1.110300183306745e-02	1.122018454301964e-02
3001	1.063454442055123e-02	1.071519305237606e-02
3314	1.036354651832494e-02	1.047128548050900e-02
3356	1.012865231800808e-02	1.023292992280754e-02
3499	9.984379796164955e-03	1.000000000000000e-02
3586	9.761631739230281e-03	9.772372209558112e-03
3742	9.280026759633797e-03	9.332543007969915e-03
3754	8.947400856114007e-03	9.120108393559097e-03
3871	8.846328649532831e-03	8.912509381337459e-03
3994	8.561252082905590e-03	8.709635899560805e-03
4037	8.498734593195167e-03	8.511380382023767e-03
4170	8.188127168067605e-03	8.317637711026709e-03
4178	8.015769513014637e-03	8.128305161640995e-03
4241	7.795931662744837e-03	7.943282347242814e-03
4341	7.722784986669895e-03	7.762471166286920e-03
4478	7.575637709454686e-03	7.585775750291836e-03
4733	7.409377653001759e-03	7.413102413009177e-03
4739	7.206915285833726e-03	7.244359600749898e-03
4983	7.056967396844249e-03	7.079457843841380e-03
5101	6.979348660637652e-03	7.079457843841380e-03
%
% index = 8, name = bbob_f001_i19_d02__bbob_f001_i21_d02
% instance = 9, reference value = 8.333326081592400e-01
% function evaluation | indicator value | target hit
1	7.267898340678460e-01	7.413102413009175e-01
4	3.258455328060661e-01	3.311311214825911e-01
28	3.176225355083516e-01	3.235936569296283e-01
31	2.648561900547813e-01	2.691534803926916e-01
32	2.261657262606338e-01	2.290867652767773e-01
54	2.156819991171923e-01	2.187761623949552e-01
55	1.912578378847214e-01	1.949844599758045e-01
72	1.895929405281109e-01	1.905460717963247e-01
80	1.740915244144955e-01	1.778279410038923e-01
129	1.340235723538866e-01	1.348962882591654e-01
155	1.097534800742408e-01	1.122018454301964e-01
159	8.987916662487705e-02	9.120108393559097e-02
208	8.651112149083795e-02	8.709635899560805e-02
231	7.976670926961504e-02	8.128305161640990e-02
235	7.020652476757105e-02	7.079457843841380e-02
237	6.610338975114538e-02	6.760829753919818e-02
307	6.387721254828993e-02	6.456542290346556e-02
315	4.944528996298059e-02	5.011872336272722e-02
346	4.282009962963351e-02	4.365158322401658e-02
373	4.214312106344087e-02	4.265795188015926e-02
387	4.111753209336788e-02	4.168693834703355e-02
515	4.039221621544464e-02	4.073802778041128e-02
615	3.960511916568055e-02	3.981071705534973e-02
627	3.835119235119644e-02	3.890451449942807e-02
658	3.768129446651458e-02	3.801893963205612e-02
867	3.690905015077461e-02	3.715352290971726e-02
879	3.581668439547903e-02	3.630780547701014e-02
931	2.990072255583254e-02	3.019951720402016e-02
991	2.932352577788921e-02	2.951209226666385e-02
997	2.843880959457934e-02	2.884031503126606e-02
1041	2.789531168455239e-02	2.818382931264454e-02
1079	2.750190331460844e-02	2.754228703338166e-02
1082	2.476084663657629e-02	2.511886431509579e-02
1199	2.448998183302020e-02	2.454708915685030e-02
1337	2.388601376281474e-02	2.398832919019490e-02
1346	2.334844318213025e-02	2.344228815319923e-02
1531	2.239659796113247e-02	2.290867652767773e-02
1537	2.205881634740803e-02	2.238721138568340e-02
1563	2.186961048937797e-02	2.187761623949553e-02
1614	2.093030042847854e-02	2.137962089502233e-02
1656	2.052148535456533e-02	2.089296130854040e-02
1796	2.015012528027194e-02	2.041737944669529e-02
1937	1.906347799621699e-02	1.949844599758046e-02
1993	1.860829158941180e-02	1.862087136662868e-02
2036	1.789957471261394e-02	1.819700858609984e-02
2112	1.754592515879727e-02	1.778279410038923e-02
2179	1.726371238797875e-02	1.737800828749375e-02
2262	1.682198654882339e-02	1.698243652461744e-02
2314	1.639680126394472e-02	1.659586907437561e-02
2338	1.602723663172145e-02	1.621810097358930e-02
2339	1.545462464196323e-02	1.548816618912481e-02
2577	1.483198407520281e-02	1.513561248436208e-02
2640	1.475000024410822e-02	1.479108388168207e-02
2792	1.424322195168459e-02	1.445439770745927e-02
2807	1.373914758102301e-02	1.380384264602885e-02
2923	1.341992833536765e-02	1.348962882591653e-02
3132	1.305459560819366e-02	1.318256738556407e-02
3450	1.247357582639341e-02	1.258925411794167e-02
3572	1.228701197523518e-02	1.230268770812382e-02
3736	1.192851260191630e-02	1.202264434617413e-02
4039	1.172796060551118e-02	1.174897554939530e-02
4227	1.139589171131572e-02	1.148153621496883e-02
4326	1.078219256826340e-02	1.096478196143185e-02
4488	1.066512140247244e-02	1.071519305237606e-02
4699	1.041420483130429e-02	1.047128548050900e-02
4831	9.974625417876082e-03	1.000000000000000e-02
4956	9.553079605199577e-03	9.772372209558112e-03
5093	9.329786724901590e-03	9.332543007969915e-03
5101	9.329786724901590e-03	9.332543007969915e-03
%
% index = 9, name = bbob_f001_i21_d02__bbob_f001_i22_d02
% instance = 10, reference value = 8.333327938371100e-01
% function evaluation | indicator value | target hit
1	3.008506225208923e-01	3.019951720402016e-01
9	1.579955033134030e-01	1.584893192461113e-01
26	1.435698583937850e-01	1.445439770745928e-01
51	1.408616365462985e-01	1.412537544622754e-01
60	1.365398062272259e-01	1.380384264602885e-01
72	1.303335346383591e-01	1.318256738556407e-01
87	1.206835880794820e-01	1.230268770812381e-01
93	1.164890897998793e-01	1.174897554939529e-01
99	1.134347316248018e-01	1.148153621496883e-01
116	1.101223278075166e-01	1.122018454301964e-01
151	9.995508268912290e-02	1.000000000000000e-01
153	9.102205924074491e-02	9.120108393559097e-02
160	7.831447476213871e-02	7.943282347242814e-02
169	7.574081970848012e-02	7.585775750291836e-02
179	6.513050029274292e-02	6.606934480075961e-02
187	6.170121853957145e-02	6.309573444801933e-02
200	6.101684648182082e-02	6.165950018614822e-02
246	5.655506588017900e-02	5.754399373371569e-02
274	5.197138946999946e-02	5.248074602497726e-02
333	5.048506389138496e-02	5.128613839913648e-02
334	4.686374586933206e-02	4.786300923226382e-02
371	4.639455772456580e-02	4.677351412871981e-02
385	4.563530918769676e-02	4.570881896148749e-02
463	4.459795041063430e-02	4.466835921509630e-02
518	4.324005351141702e-02	4.365158322401658e-02
541	4.163034507775198e-02	4.168693834703355e-02
607	3.245798686372736e-02	3.311311214825911e-02
616	3.214233162213942e-02	3.235936569296283e-02
649	3.060262630328525e-02	3.090295432513590e-02
673	2.957354955399427e-02	3.019951720402016e-02
710	2.875381512171327e-02	2.884031503126606e-02
715	2.607755122187549e-02	2.630267991895381e-02
725	2.530420737896588e-02	2.570395782768863e-02
766	2.499798168336675e-02	2.511886431509579e-02
780	2.428276535619223e-02	2.454708915685030e-02
844	2.381948739671591e-02	2.398832919019490e-02
882	2.341210511357472e-02	2.344228815319923e-02
885	2.107722039161242e-02	2.137962089502233e-02
906	2.063550820213000e-02	2.089296130854040e-02
1010	2.019327483906241e-02	2.041737944669529e-02
1017	1.974694448401049e-02	1.995262314968880e-02
1034	1.934995917574645e-02	1.949844599758046e-02
1080	1.892704257609890e-02	1.905460717963247e-02
1091	1.850776298193202e-02	1.862087136662868e-02
1119	1.728816246239184e-02	1.737800828749375e-02
1237	1.652630225252705e-02	1.659586907437561e-02
1253	1.541970884574395e-02	1.548816618912481e-02
1356	1.484536448119422e-02	1.513561248436208e-02
1409	1.461865553610409e-02	1.479108388168207e-02
1483	1.425807924430633e-02	1.445439770745927e-02
1553	1.352865054618546e-02	1.380384264602885e-02
1557	1.330665935158160e-02	1.348962882591653e-02
1576	1.315497753784944e-02	1.318256738556407e-02
1625	1.282708480835937e-02	1.288249551693134e-02
1690	1.188331072337512e-02	1.202264434617413e-02
1717	1.166495445808879e-02	1.174897554939530e-02
1729	1.143252882859369e-02	1.148153621496883e-02
1827	1.089289108348990e-02	1.096478196143185e-02
1926	1.067055702289377e-02	1.071519305237606e-02
1953	1.045992555153663e-02	1.047128548050900e-02
2092	9.908076808991084e-03	1.000000000000000e-02
2302	9.674565646731748e-03	9.772372209558112e-03
2480	9.440948755350398e-03	9.549925860214359e-03
2538	9.323205161035686e-03	9.332543007969915e-03
2590	8.944421765932908e-03	9.120108393559097e-03
2626	8.896912845001492e-03	8.912509381337459e-03
2758	8.546405300492110e-03	8.709635899560805e-03
2851	8.417257393878663e-03	8.511380382023767e-03
2900	8.214004755336290e-03	8.317637711026709e-03
3024	8.117000770405669e-03	8.128305161640995e-03
3073	7.869962455793411e-03	7.943282347242814e-03
3118	7.760343579380047e-03	7.762471166286920e-03
3176	7.581416844448796e-03	7.585775750291836e-03
3212	7.363116150135851e-03	7.413102413009177e-03
3244	7.187090883859382e-03	7.244359600749898e-03
3273	7.043735297283416e-03	7.079457843841380e-03
3363	6.908703323352805e-03	6.918309709189363e-03
3445	6.731249420002694e-03	6.760829753919818e-03
3475	6.560782460980352e-03	6.606934480075957e-03
3599	6.438596802621488e-03	6.456542290346556e-03
3636	6.215725774983194e-03	6.309573444801930e-03
3737	6.155233323614229e-03	6.165950018614822e-03
3779	5.990420718732126e-03	6.025595860743574e-03
4068	5.873430502167043e-03	5.888436553555890e-03
4231	5.708363913962566e-03	5.754399373371567e-03
4273	5.598812652010787e-03	5.623413251903491e-03
4682	5.477256752070447e-03	5.495408738576248e-03
4762	5.232636682327652e-03	5.248074602497728e-03
4915	5.041573229447205e-03	5.128613839913648e-03
4983	4.950754827498072e-03	5.011872336272725e-03
5045	4.884551009976201e-03	4.897788193684461e-03
5101	4.884551009976201e-03	4.897788193684461e-03
%
% index = 10, name = bbob_f001_i23_d02__bbob_f001_i24_d02
% instance = 11, reference value = 1.000000000000000e+00
% function evaluation | indicator value | target hit
1	2.468150657281184e+00	2.511886431509580e+00
14	1.423869143213500e+00	1.445439770745927e+00
74	5.312257613984477e-01	5.370317963702527e-01
122	4.528707500340962e-01	4.570881896148750e-01
130	3.202945947569804e-01	3.235936569296283e-01
177	2.982333094130678e-01	3.019951720402016e-01
308	2.779462355370366e-01	2.818382931264454e-01
524	2.633202586940341e-01	2.691534803926916e-01
700	2.621089859774557e-01	2.630267991895382e-01
971	2.535539053641560e-01	2.570395782768864e-01
1015	2.485964799605129e-01	2.511886431509580e-01
1487	2.391678138823123e-01	2.398832919019490e-01
3169	2.227118678979483e-01	2.238721138568339e-01
3430	2.179318044329429e-01	2.187761623949552e-01
3576	2.132242191411117e-01	2.137962089502232e-01
4035	2.070398629468889e-01	2.089296130854039e-01
4379	2.034006486659405e-01	2.041737944669530e-01
5101	2.012569472678112e-01	2.041737944669530e-01
%
% index = 11, name = bbob_f001_i25_d02__bbob_f001_i26_d02
% instance = 12, reference value = 1.000000000000000e+00
% function evaluation | indicator value | target hit
1	8.528956203732738e-01	8.709635899560807e-01
6	5.151067250233060e-01	5.248074602497725e-01
31	4.684308725447073e-01	4.786300923226383e-01
34	4.237227295267434e-01	4.265795188015927e-01
45	3.838038537382726e-01	3.890451449942806e-01
49	3.653647203701736e-01	3.715352290971726e-01
70	3.612803569637074e-01	3.630780547701014e-01
73	3.121492622968656e-01	3.162277660168379e-01
125	3.046433517541997e-01	3.090295432513591e-01
132	2.907010402124246e-01	2.951209226666385e-01
144	2.875686682178941e-01	2.884031503126606e-01
179	2.757367084014527e-01	2.818382931264454e-01
183	2.516014901817012e-01	2.570395782768864e-01
216	2.496672125192928e-01	2.511886431509580e-01
260	2.449206481209640e-01	2.454708915685030e-01
314	2.376368118353736e-01	2.398832919019490e-01
321	2.332355501870437e-01	2.344228815319922e-01
324	2.210975955173355e-01	2.238721138568339e-01
349	2.152365356450251e-01	2.187761623949552e-01
374	2.131215744089749e-01	2.137962089502232e-01
453	2.088756390077081e-01	2.089296130854039e-01
606	2.037486179910606e-01	2.041737944669530e-01
722	1.991001949317485e-01	1.995262314968880e-01
988	1.947306830789155e-01	1.949844599758045e-01
1079	1.891402383719155e-01	1.905460717963247e-01
1327	1.855452404327173e-01	1.862087136662867e-01
1899	1.817655074542637e-01	1.819700858609984e-01
3220	1.777023585592998e-01	1.778279410038923e-01
5101	1.743280543882756e-01	1.778279410038923e-01
%
% index = 12, name = bbob_f001_i27_d02__bbob_f001_i28_d02
% instance = 13, reference value = 1.000000000000000e+00
% function evaluation | indicator value | target hit
1	5.083612957697883e-01	5.128613839913648e-01
65	3.359937811925547e-01	3.388441561392025e-01
75	3.293236395915160e-01	3.311311214825911e-01
153	3.136670684721801e-01	3.162277660168379e-01
228	3.083564272434580e-01	3.090295432513591e-01
232	3.019493336770398e-01	3.019951720402016e-01
310	2.750472845688482e-01	2.754228703338166e-01
345	2.678007766007733e-01	2.691534803926916e-01
386	2.379861216897532e-01	2.398832919019490e-01
442	2.289381353114006e-01	2.290867652767773e-01
563	2.159357894192324e-01	2.187761623949552e-01
652	2.127208140891034e-01	2.137962089502232e-01
806	2.068467168709713e-01	2.089296130854039e-01
827	2.039860523154793e-01	2.041737944669530e-01
946	1.979266445655099e-01	1.995262314968880e-01
1123	1.931785507268807e-01	1.949844599758045e-01
1141	1.897872848463212e-01	1.905460717963247e-01
1706	1.861844844599583e-01	1.862087136662867e-01
2365	1.817166011674346e-01	1.819700858609984e-01
4004	1.774973736101065e-01	1.778279410038923e-01
5101	1.759015479085699e-01	1.778279410038923e-01
%
% index = 13, name = bbob_f001_i29_d02__bbob_f001_i30_d02
% instance = 14, reference value = 1.000000000000000e+00
% function evaluation | indicator value | target hit
1	4.660630175984114e+01	4.677351412871981e+01
17	2.074634728425534e+01	2.089296130854040e+01
72	4.511549041259917e+00	4.570881896148751e+00
183	9.635142361296476e-01	9.772372209558107e-01
1712	9.486216802793603e-01	9.549925860214360e-01
1844	4.706255327353099e-01	4.786300923226383e-01
3113	4.660392922787470e-01	4.677351412871982e-01
3487	4.053014180935027e-01	4.073802778041127e-01
4443	3.890589432508124e-01	3.981071705534972e-01
5101	3.890589432508124e-01	3.981071705534972e-01
%
% index = 14, name = bbob_f001_i31_d02__bbob_f001_i34_d02
% instance = 15, reference value = 1.000000000000000e+00
% function evaluation | indicator value | target hit
1	1.279489510473000e+00	1.288249551693134e+00
16	1.092813184621000e+00	1.096478196143185e+00
58	6.627998513130207e-01	6.760829753919817e-01
76	6.289139145750402e-01	6.309573444801932e-01
145	5.164959362231254e-01	5.248074602497725e-01
231	4.692120485187999e-01	4.786300923226383e-01
245	4.471879441865306e-01	4.570881896148750e-01
257	3.356615391033768e-01	3.388441561392025e-01
307	3.146904629795414e-01	3.162277660168379e-01
361	3.052613164898373e-01	3.090295432513591e-01
425	2.981885230976905e-01	3.019951720402016e-01
438	2.710939142028806e-01	2.754228703338166e-01
460	2.582590430599562e-01	2.630267991895382e-01
486	2.567897363523145e-01	2.570395782768864e-01
625	2.506327315296984e-01	2.511886431509580e-01
686	2.415888513624124e-01	2.454708915685030e-01
702	2.352945529584621e-01	2.398832919019490e-01
814	2.268108283732223e-01	2.290867652767773e-01
842	2.191987297530920e-01	2.238721138568339e-01
944	2.144989273502311e-01	2.187761623949552e-01
955	2.081255964498689e-01	2.089296130854039e-01
1325	2.026208613203467e-01	2.041737944669530e-01
1547	1.991277081442643e-01	1.995262314968880e-01
1822	1.946578910824346e-01	1.949844599758045e-01
2256	1.905115498699994e-01	1.905460717963247e-01
2692	1.862034294519533e-01	1.862087136662867e-01
3627	1.818665699721118e-01	1.819700858609984e-01
5101	1.779390845857439e-01	1.819700858609984e-01
