%
% index = 150, name = bbob_f002_i02_d02__bbob_f002_i04_d02
% instance = 1, reference value = 8.239728125623880e-01
% function evaluation | indicator value | target hit
1	2.825238832870306e-01	2.884031503126606e-01
2	2.594573634582665e-01	2.630267991895382e-01
12	1.845975939672277e-01	1.862087136662867e-01
13	1.724637133259177e-01	1.737800828749375e-01
22	1.621820180858790e-01	1.659586907437560e-01
23	1.200007544246694e-01	1.202264434617413e-01
27	8.345350622635817e-02	8.511380382023763e-02
38	7.895550998968304e-02	7.943282347242814e-02
40	7.013165221879991e-02	7.079457843841380e-02
50	6.911153075934529e-02	6.918309709189366e-02
51	5.163588587280221e-02	5.248074602497726e-02
56	4.633009465068660e-02	4.677351412871981e-02
60	4.287222319091177e-02	4.365158322401658e-02
70	3.881569070380286e-02	3.890451449942807e-02
78	3.548707851963373e-02	3.630780547701014e-02
84	3.505728468115832e-02	3.548133892335755e-02
86	3.436488795912296e-02	3.467368504525317e-02
90	3.209683177149159e-02	3.235936569296283e-02
99	2.709350798645149e-02	2.754228703338166e-02
105	2.644580079389014e-02	2.691534803926915e-02
113	2.621002891100699e-02	2.630267991895381e-02
123	2.408438740655161e-02	2.454708915685030e-02
130	2.355064037157895e-02	2.398832919019490e-02
131	2.272416556031931e-02	2.290867652767773e-02
138	2.185091324917654e-02	2.187761623949553e-02
152	2.120445239566360e-02	2.137962089502233e-02
154	1.559752012074611e-02	1.584893192461113e-02
159	1.548315568848091e-02	1.548816618912481e-02
170	1.476064684556455e-02	1.479108388168207e-02
190	1.413113472336103e-02	1.445439770745927e-02
197	1.401698754053160e-02	1.412537544622754e-02
200	1.354459475581238e-02	1.380384264602885e-02
203	1.307242128571262e-02	1.318256738556407e-02
206	1.260923029357475e-02	1.288249551693134e-02
207	1.249834705144193e-02	1.258925411794167e-02
209	1.228102347785576e-02	1.230268770812382e-02
217	1.201028625852829e-02	1.202264434617413e-02
219	1.142671881145452e-02	1.148153621496883e-02
228	1.072060978621536e-02	1.096478196143185e-02
236	1.069490060986822e-02	1.071519305237606e-02
243	1.037190821879352e-02	1.047128548050900e-02
255	1.015263195123539e-02	1.023292992280754e-02
256	9.599359992710332e-03	9.772372209558112e-03
262	9.539487666113899e-03	9.549925860214359e-03
281	8.152734435576403e-03	8.317637711026709e-03
286	8.047154641033782e-03	8.128305161640995e-03
302	7.824140928797019e-03	7.943282347242814e-03
304	7.748083070800105e-03	7.762471166286920e-03
311	7.533914403655695e-03	7.585775750291836e-03
323	7.343414585538555e-03	7.413102413009177e-03
329	6.798195128257745e-03	6.918309709189363e-03
331	6.707867194199690e-03	6.760829753919818e-03
344	6.604245732405700e-03	6.606934480075957e-03
352	6.452762106051724e-03	6.456542290346556e-03
367	6.294893409496072e-03	6.309573444801930e-03
392	6.095105552686886e-03	6.165950018614822e-03
416	6.002824097405490e-03	6.025595860743574e-03
440	5.865532358477088e-03	5.888436553555890e-03
451	5.751735778415257e-03	5.754399373371567e-03
472	5.611544925419265e-03	5.623413251903491e-03
495	5.280726729574026e-03	5.370317963702527e-03
498	4.958189830241988e-03	5.011872336272725e-03
502	4.851920536403820e-03	4.897788193684461e-03
538	4.639338168482054e-03	4.677351412871981e-03
545	4.463872498668087e-03	4.466835921509630e-03
556	4.365062802965336e-03	4.365158322401661e-03
562	4.114544586093283e-03	4.168693834703355e-03
565	3.979819007375540e-03	3.981071705534973e-03
604	3.877336582099433e-03	3.890451449942805e-03
615	3.766934250639564e-03	3.801893963205613e-03
632	3.704905674418058e-03	3.715352290971724e-03
656	3.630517264635813e-03	3.630780547701014e-03
670	3.544924565095808e-03	3.548133892335753e-03
695	3.439526232115298e-03	3.467368504525317e-03
734	3.377094954153392e-03	3.388441561392024e-03
745	3.248737384289102e-03	3.311311214825911e-03
746	3.234939581678642e-03	3.235936569296281e-03
757	3.160526706336153e-03	3.162277660168379e-03
767	2.948004582553621e-03	2.951209226666387e-03
776	2.876320222136686e-03	2.884031503126605e-03
798	2.796516190816889e-03	2.818382931264455e-03
802	2.751918826477073e-03	2.754228703338166e-03
819	2.603312983419426e-03	2.630267991895381e-03
824	2.568788900979668e-03	2.570395782768865e-03
849	2.511358182060275e-03	2.511886431509579e-03
889	2.454340529481902e-03	2.454708915685031e-03
942	2.394732037802494e-03	2.398832919019490e-03
968	2.263668079614645e-03	2.290867652767772e-03
987	2.230633445221231e-03	2.238721138568340e-03
1007	2.184993953213366e-03	2.187761623949552e-03
1036	2.124190293717465e-03	2.137962089502233e-03
1051	2.074022042760082e-03	2.089296130854039e-03
1071	2.040835817650133e-03	2.041737944669530e-03
1092	1.974038824218427e-03	1.995262314968879e-03
1116	1.943289576893381e-03	1.949844599758046e-03
1117	1.896258254084571e-03	1.905460717963246e-03
1126	1.860091532963515e-03	1.862087136662868e-03
1173	1.765022088561996e-03	1.778279410038923e-03
1206	1.736198032627811e-03	1.737800828749376e-03
1217	1.691422612108417e-03	1.698243652461744e-03
1228	1.646036013042695e-03	1.659586907437561e-03
1254	1.608359333594378e-03	1.621810097358930e-03
1268	1.581631947618733e-03	1.584893192461114e-03
1302	1.546718903433608e-03	1.548816618912481e-03
1353	1.513169184955143e-03	1.513561248436209e-03
1365	1.477713144481863e-03	1.479108388168207e-03
1395	1.444655197003653e-03	1.445439770745928e-03
1429	1.412135738562359e-03	1.412537544622754e-03
1448	1.377057038089990e-03	1.380384264602885e-03
1499	1.348479107476042e-03	1.348962882591653e-03
1518	1.317831695413996e-03	1.318256738556408e-03
1557	1.271325184133532e-03	1.288249551693134e-03
1564	1.258518113929408e-03	1.258925411794167e-03
1608	1.228459981787000e-03	1.230268770812381e-03
1676	1.198298878588022e-03	1.202264434617413e-03
1730	1.173493465270958e-03	1.174897554939529e-03
1783	1.147895611299576e-03	1.148153621496883e-03
1821	1.121115510832160e-03	1.122018454301963e-03
1873	1.095996784186704e-03	1.096478196143185e-03
1922	1.066631076923508e-03	1.071519305237606e-03
1979	1.035494788949820e-03	1.047128548050900e-03
2003	1.020437377889039e-03	1.023292992280754e-03
2030	9.910542754943963e-04	1.000000000000000e-03
2069	9.720876602435924e-04	9.772372209558111e-04
2098	9.521349935414092e-04	9.549925860214359e-04
2130	9.309765849393470e-04	9.332543007969915e-04
2156	9.089791653279500e-04	9.120108393559096e-04
2199	8.912248263197586e-04	8.912509381337459e-04
2277	8.707126376965579e-04	8.709635899560805e-04
2331	8.510530449902243e-04	8.511380382023768e-04
2380	8.308500184003309e-04	8.317637711026709e-04
2431	7.981957241208759e-04	8.128305161640995e-04
2459	7.941643453421854e-04	7.943282347242813e-04
2481	7.761628051050629e-04	7.762471166286919e-04
2531	7.571842724730660e-04	7.585775750291836e-04
2575	7.331539940290677e-04	7.413102413009177e-04
2634	7.236153109246857e-04	7.244359600749898e-04
2693	7.062083428214239e-04	7.079457843841380e-04
2760	6.907115873219238e-04	6.918309709189362e-04
2848	6.704475815288991e-04	6.760829753919819e-04
2904	6.605306491995755e-04	6.606934480075957e-04
3037	6.456214936113591e-04	6.456542290346556e-04
3076	6.293260867892281e-04	6.309573444801930e-04
3118	6.151459712454566e-04	6.165950018614823e-04
3169	6.015891574917553e-04	6.025595860743575e-04
3292	5.879511425677109e-04	5.888436553555889e-04
3361	5.748660480102696e-04	5.754399373371566e-04
3441	5.619933180931458e-04	5.623413251903491e-04
3482	5.491558623267334e-04	5.495408738576248e-04
3625	5.369413585462057e-04	5.370317963702527e-04
3714	5.239462373624049e-04	5.248074602497728e-04
3793	5.113582021707419e-04	5.128613839913648e-04
3878	5.010369565245920e-04	5.011872336272725e-04
3948	4.882287629065507e-04	4.897788193684461e-04
4025	4.774030593717171e-04	4.786300923226385e-04
4165	4.661753427235293e-04	4.677351412871981e-04
4223	4.550359014156014e-04	4.570881896148752e-04
4276	4.461697287585498e-04	4.466835921509630e-04
4359	4.362571111589109e-04	4.365158322401661e-04
4427	4.264067437169672e-04	4.265795188015926e-04
4538	4.168236380994728e-04	4.168693834703355e-04
4636	4.070744062519838e-04	4.073802778041126e-04
4759	3.980488448425135e-04	3.981071705534974e-04
4823	3.888656292020398e-04	3.890451449942805e-04
4940	3.799996824298546e-04	3.801893963205612e-04
5013	3.712055929243618e-04	3.715352290971724e-04
5077	3.610153154780527e-04	3.630780547701014e-04
5101	3.603080878765708e-04	3.630780547701014e-04
%
% index = 151, name = bbob_f002_i03_d02__bbob_f002_i05_d02
% instance = 2, reference value = 8.344746405897751e-01
% function evaluation | indicator value | target hit
1	2.748056948965255e-01	2.754228703338166e-01
9	2.614368193952111e-01	2.630267991895382e-01
19	2.544124019374021e-01	2.570395782768864e-01
22	2.460561236409926e-01	2.511886431509580e-01
23	1.868589662313757e-01	1.905460717963247e-01
28	1.227124753934011e-01	1.230268770812381e-01
29	9.903312995071978e-02	1.000000000000000e-01
31	7.926541149263822e-02	7.943282347242814e-02
32	7.696539617954812e-02	7.762471166286916e-02
33	7.518823931952234e-02	7.585775750291836e-02
36	7.293980594140226e-02	7.413102413009177e-02
37	6.401351146983081e-02	6.456542290346556e-02
38	6.279908085362917e-02	6.309573444801933e-02
43	5.009760351265236e-02	5.011872336272722e-02
54	4.893374120070593e-02	4.897788193684462e-02
55	3.498004029119195e-02	3.548133892335755e-02
66	3.464507511044190e-02	3.467368504525317e-02
75	3.341362141117199e-02	3.388441561392026e-02
77	3.156872711141534e-02	3.162277660168379e-02
80	2.988396845582253e-02	3.019951720402016e-02
97	2.605512252872000e-02	2.630267991895381e-02
98	2.527599682796655e-02	2.570395782768863e-02
100	2.233876279722258e-02	2.238721138568340e-02
103	2.157587943301675e-02	2.187761623949553e-02
104	1.835094051653241e-02	1.862087136662868e-02
105	1.763995005546548e-02	1.778279410038923e-02
112	1.683303453363350e-02	1.698243652461744e-02
117	1.593807536744207e-02	1.621810097358930e-02
119	1.583844940721235e-02	1.584893192461113e-02
122	1.457857258933559e-02	1.479108388168207e-02
128	1.426497598440835e-02	1.445439770745927e-02
133	1.325476320065411e-02	1.348962882591653e-02
136	1.297107513776830e-02	1.318256738556407e-02
137	1.247987374970538e-02	1.258925411794167e-02
152	1.222393542100142e-02	1.230268770812382e-02
154	1.191641087396311e-02	1.202264434617413e-02
161	1.169173945601876e-02	1.174897554939530e-02
164	1.108379720510655e-02	1.122018454301964e-02
166	1.074154216699086e-02	1.096478196143185e-02
167	1.067442851138067e-02	1.071519305237606e-02
175	1.045389453538426e-02	1.047128548050900e-02
184	1.018268301327196e-02	1.023292992280754e-02
193	9.985055142991306e-03	1.000000000000000e-02
211	8.841844159240941e-03	8.912509381337459e-03
222	8.589873738850007e-03	8.709635899560805e-03
228	8.427398437349964e-03	8.511380382023767e-03
235	8.250248154861417e-03	8.317637711026709e-03
238	7.933462309407169e-03	7.943282347242814e-03
248	7.697922777321953e-03	7.762471166286920e-03
250	7.440755687112666e-03	7.585775750291836e-03
254	6.528483236135973e-03	6.606934480075957e-03
259	6.263558036760819e-03	6.309573444801930e-03
261	6.062747757149878e-03	6.165950018614822e-03
263	5.971242944903588e-03	6.025595860743574e-03
269	5.880644105878075e-03	5.888436553555890e-03
275	5.725295808190922e-03	5.754399373371567e-03
288	5.590133191316182e-03	5.623413251903491e-03
305	5.493772987827383e-03	5.495408738576248e-03
309	5.048842816503862e-03	5.128613839913648e-03
315	4.937755319682546e-03	5.011872336272725e-03
319	4.879476568146579e-03	4.897788193684461e-03
324	4.756488891628829e-03	4.786300923226385e-03
329	4.675597206384996e-03	4.677351412871981e-03
344	4.544205309188087e-03	4.570881896148752e-03
346	4.382992697679611e-03	4.466835921509630e-03
351	4.364902164001538e-03	4.365158322401661e-03
371	4.251549384558073e-03	4.265795188015926e-03
375	4.143621448192358e-03	4.168693834703355e-03
376	4.036565630972544e-03	4.073802778041126e-03
379	3.963262432256531e-03	3.981071705534973e-03
391	3.817500293955445e-03	3.890451449942805e-03
393	3.743920132717737e-03	3.801893963205613e-03
396	3.703023559038399e-03	3.715352290971724e-03
413	3.629861081531627e-03	3.630780547701014e-03
428	3.546497009527694e-03	3.548133892335753e-03
436	3.297662324051265e-03	3.311311214825911e-03
458	3.186095550158030e-03	3.235936569296281e-03
464	3.147101530030283e-03	3.162277660168379e-03
476	3.083489052529531e-03	3.090295432513592e-03
477	2.979155392119459e-03	3.019951720402016e-03
510	2.946642270034938e-03	2.951209226666387e-03
534	2.875614524471937e-03	2.884031503126605e-03
539	2.808136901963021e-03	2.818382931264455e-03
542	2.752080692306369e-03	2.754228703338166e-03
553	2.664344941289865e-03	2.691534803926917e-03
557	2.563511235688543e-03	2.570395782768865e-03
564	2.492657907218532e-03	2.511886431509579e-03
574	2.449620419228471e-03	2.454708915685031e-03
581	2.379499665336904e-03	2.398832919019490e-03
586	2.340339051133511e-03	2.344228815319923e-03
603	2.279939731924752e-03	2.290867652767772e-03
618	2.238508333961886e-03	2.238721138568340e-03
662	2.176707606772021e-03	2.187761623949552e-03
674	2.133570282557895e-03	2.137962089502233e-03
694	2.061682209175131e-03	2.089296130854039e-03
696	2.038654298436304e-03	2.041737944669530e-03
713	1.990740254653955e-03	1.995262314968879e-03
730	1.929671700735214e-03	1.949844599758046e-03
746	1.885727614062582e-03	1.905460717963246e-03
755	1.845317599193264e-03	1.862087136662868e-03
764	1.814762658463032e-03	1.819700858609983e-03
790	1.770139476811039e-03	1.778279410038923e-03
793	1.694514877320419e-03	1.698243652461744e-03
807	1.656953213377776e-03	1.659586907437561e-03
843	1.595426258592658e-03	1.621810097358930e-03
847	1.574267849379640e-03	1.584893192461114e-03
870	1.503757228087599e-03	1.513561248436209e-03
912	1.479070302414898e-03	1.479108388168207e-03
938	1.443324042650240e-03	1.445439770745928e-03
997	1.409009042522169e-03	1.412537544622754e-03
1027	1.376515202746398e-03	1.380384264602885e-03
1075	1.348692541680352e-03	1.348962882591653e-03
1096	1.317237002610105e-03	1.318256738556408e-03
1127	1.285063577879386e-03	1.288249551693134e-03
1157	1.257285595232083e-03	1.258925411794167e-03
1165	1.223337088473553e-03	1.230268770812381e-03
1193	1.201826193723998e-03	1.202264434617413e-03
1208	1.174409297799106e-03	1.174897554939529e-03
1239	1.145867179032423e-03	1.148153621496883e-03
1294	1.117909866924616e-03	1.122018454301963e-03
1303	1.092256515689782e-03	1.096478196143185e-03
1344	1.070717486526651e-03	1.071519305237606e-03
1383	1.046929357683135e-03	1.047128548050900e-03
1408	1.021239872624258e-03	1.023292992280754e-03
1430	9.756014383268674e-04	9.772372209558111e-04
1467	9.526798209283927e-04	9.549925860214359e-04
1495	9.303585112837576e-04	9.332543007969915e-04
1524	9.119465639642055e-04	9.120108393559096e-04
1581	8.907562185739293e-04	8.912509381337459e-04
1602	8.697024113207830e-04	8.709635899560805e-04
1671	8.506471279867700e-04	8.511380382023768e-04
1706	8.308151716974743e-04	8.317637711026709e-04
1729	8.125792625716111e-04	8.128305161640995e-04
1774	7.931737953547069e-04	7.943282347242813e-04
1838	7.745625943765821e-04	7.762471166286919e-04
1864	7.584845429449150e-04	7.585775750291836e-04
1935	7.396732815326823e-04	7.413102413009177e-04
1947	7.232317210880135e-04	7.244359600749898e-04
1986	7.070808684789265e-04	7.079457843841380e-04
2012	6.916915243184718e-04	6.918309709189362e-04
2079	6.759791108449376e-04	6.760829753919819e-04
2125	6.597638312708654e-04	6.606934480075957e-04
2143	6.392283891607509e-04	6.456542290346556e-04
2168	6.309354274972589e-04	6.309573444801930e-04
2242	6.164807417837759e-04	6.165950018614823e-04
2323	6.025122928841053e-04	6.025595860743575e-04
2373	5.882122630653797e-04	5.888436553555889e-04
2411	5.709259824792090e-04	5.754399373371566e-04
2479	5.613776373500912e-04	5.623413251903491e-04
2511	5.495181252027637e-04	5.495408738576248e-04
2543	5.368371142017159e-04	5.370317963702527e-04
2592	5.247679271753736e-04	5.248074602497728e-04
2644	5.117477612741617e-04	5.128613839913648e-04
2680	4.906655363039469e-04	5.011872336272725e-04
2693	4.890985325841646e-04	4.897788193684461e-04
2764	4.777067839580873e-04	4.786300923226385e-04
2822	4.677340179161105e-04	4.677351412871981e-04
2875	4.570493291561339e-04	4.570881896148752e-04
2954	4.465260292377815e-04	4.466835921509630e-04
2998	4.360167392056802e-04	4.365158322401661e-04
3087	4.264708205561352e-04	4.265795188015926e-04
3162	4.166574984664217e-04	4.168693834703355e-04
3225	4.073671496204190e-04	4.073802778041126e-04
3293	3.941345827287446e-04	3.981071705534974e-04
3299	3.870613462212402e-04	3.890451449942805e-04
3364	3.799911967481417e-04	3.801893963205612e-04
3446	3.713285641083752e-04	3.715352290971724e-04
3492	3.628501426958808e-04	3.630780547701014e-04
3579	3.532337533798113e-04	3.548133892335753e-04
3649	3.465243741737067e-04	3.467368504525317e-04
3731	3.381816428745799e-04	3.388441561392024e-04
3813	3.309677116254406e-04	3.311311214825911e-04
3875	3.233231423587224e-04	3.235936569296281e-04
3969	3.153964223435723e-04	3.162277660168379e-04
4031	3.087134171830819e-04	3.090295432513592e-04
4110	3.019717387574561e-04	3.019951720402016e-04
4218	2.948371873653377e-04	2.951209226666387e-04
4307	2.883234944601742e-04	2.884031503126605e-04
4428	2.816729128380935e-04	2.818382931264455e-04
4553	2.753754514857043e-04	2.754228703338166e-04
4641	2.684142986425497e-04	2.691534803926917e-04
4748	2.629683113165582e-04	2.630267991895381e-04
4817	2.570013109054470e-04	2.570395782768865e-04
4926	2.511402008463781e-04	2.511886431509580e-04
4979	2.451982491783467e-04	2.454708915685031e-04
5051	2.398034495423307e-04	2.398832919019490e-04
5101	2.385005618853464e-04	2.398832919019490e-04
%
% index = 152, name = bbob_f002_i07_d02__bbob_f002_i08_d02
% instance = 3, reference value = 8.174369511008270e-01
% function evaluation | indicator value | target hit
1	3.593610420833111e-01	3.630780547701014e-01
7	1.909811462245046e-01	1.949844599758045e-01
8	1.663850237341317e-01	1.698243652461744e-01
24	1.562458327338651e-01	1.584893192461113e-01
25	7.884721577130516e-02	7.943282347242814e-02
37	7.493659311754364e-02	7.585775750291836e-02
63	6.337349715084595e-02	6.456542290346556e-02
65	5.995281479121839e-02	6.025595860743578e-02
68	5.050153317625605e-02	5.128613839913648e-02
75	4.883304283436551e-02	4.897788193684462e-02
90	4.735000213104357e-02	4.786300923226382e-02
94	4.511308657581903e-02	4.570881896148749e-02
95	3.694719947962544e-02	3.715352290971726e-02
102	3.567905642168057e-02	3.630780547701014e-02
104	3.495533333512890e-02	3.548133892335755e-02
105	3.151396410013207e-02	3.162277660168379e-02
107	3.041782252548053e-02	3.090295432513590e-02
110	3.005419827156053e-02	3.019951720402016e-02
139	2.569206006315894e-02	2.570395782768863e-02
153	2.151570569648376e-02	2.187761623949553e-02
157	2.097027051931311e-02	2.137962089502233e-02
163	2.078763880389722e-02	2.089296130854040e-02
177	2.019744510297450e-02	2.041737944669529e-02
201	1.994658346121159e-02	1.995262314968880e-02
216	1.887466414795502e-02	1.905460717963247e-02
219	1.832137224436492e-02	1.862087136662868e-02
224	1.726336853493138e-02	1.737800828749375e-02
232	1.593976358630789e-02	1.621810097358930e-02
235	1.576826692765521e-02	1.584893192461113e-02
238	1.457777109173441e-02	1.479108388168207e-02
245	1.426721901987471e-02	1.445439770745927e-02
247	1.134426390789800e-02	1.148153621496883e-02
256	1.096635760081333e-02	1.122018454301964e-02
259	1.037721295898875e-02	1.047128548050900e-02
265	1.001091467608795e-02	1.023292992280754e-02
266	9.810079122147486e-03	1.000000000000000e-02
278	9.565343050196851e-03	9.772372209558112e-03
299	9.255714831585493e-03	9.332543007969915e-03
308	9.090109287061776e-03	9.120108393559097e-03
313	8.833955969772656e-03	8.912509381337459e-03
320	8.631481299695487e-03	8.709635899560805e-03
321	8.511004115603682e-03	8.511380382023767e-03
342	8.197203682728915e-03	8.317637711026709e-03
348	8.116844109453125e-03	8.128305161640995e-03
364	7.812441828443095e-03	7.943282347242814e-03
371	7.744382922800219e-03	7.762471166286920e-03
376	7.543647282064581e-03	7.585775750291836e-03
377	7.233565310634238e-03	7.244359600749898e-03
408	7.024953071471218e-03	7.079457843841380e-03
433	6.618561906752252e-03	6.760829753919818e-03
442	6.558901953166330e-03	6.606934480075957e-03
454	6.450041159579034e-03	6.456542290346556e-03
486	6.308585413603240e-03	6.309573444801930e-03
534	5.878377840916271e-03	5.888436553555890e-03
536	5.667755650581974e-03	5.754399373371567e-03
546	5.588858210433201e-03	5.623413251903491e-03
589	5.403313237304030e-03	5.495408738576248e-03
595	5.358114339833353e-03	5.370317963702527e-03
631	5.176066950900449e-03	5.248074602497728e-03
639	5.070704176846852e-03	5.128613839913648e-03
643	4.973191989453785e-03	5.011872336272725e-03
659	4.895229901915488e-03	4.897788193684461e-03
679	4.708718894782415e-03	4.786300923226385e-03
685	4.676206356738710e-03	4.677351412871981e-03
721	4.539200681100586e-03	4.570881896148752e-03
757	4.421315938576642e-03	4.466835921509630e-03
770	4.348491875378668e-03	4.365158322401661e-03
836	3.832712883526712e-03	3.890451449942805e-03
851	3.768155601883594e-03	3.801893963205613e-03
879	3.712152636939026e-03	3.715352290971724e-03
889	3.625120238285651e-03	3.630780547701014e-03
922	3.507923547990566e-03	3.548133892335753e-03
963	3.458795187279207e-03	3.467368504525317e-03
965	3.387164700521250e-03	3.388441561392024e-03
970	3.258626178811674e-03	3.311311214825911e-03
981	3.222529226559412e-03	3.235936569296281e-03
1022	3.101253314124142e-03	3.162277660168379e-03
1035	3.089107906491972e-03	3.090295432513592e-03
1113	2.982431602904345e-03	3.019951720402016e-03
1144	2.902708311891988e-03	2.951209226666387e-03
1160	2.872563538637074e-03	2.884031503126605e-03
1232	2.816473056937330e-03	2.818382931264455e-03
1245	2.743945474608545e-03	2.754228703338166e-03
1258	2.676737619707437e-03	2.691534803926917e-03
1299	2.586075429669155e-03	2.630267991895381e-03
1301	2.560802200509138e-03	2.570395782768865e-03
1355	2.498598109246131e-03	2.511886431509579e-03
1409	2.451758326839859e-03	2.454708915685031e-03
1455	2.339062018754223e-03	2.344228815319923e-03
1475	2.278120973642328e-03	2.290867652767772e-03
1538	2.220420314115401e-03	2.238721138568340e-03
1560	2.182696938958784e-03	2.187761623949552e-03
1586	2.128979391123664e-03	2.137962089502233e-03
1614	2.089259216536243e-03	2.089296130854039e-03
1688	2.041087266442809e-03	2.041737944669530e-03
1743	1.987489647394924e-03	1.995262314968879e-03
1836	1.945990588763991e-03	1.949844599758046e-03
1970	1.903836946533843e-03	1.905460717963246e-03
2007	1.855603695857244e-03	1.862087136662868e-03
2076	1.802565859674421e-03	1.819700858609983e-03
2107	1.614103665939504e-03	1.621810097358930e-03
2144	1.583938231664028e-03	1.584893192461114e-03
2171	1.547865243662572e-03	1.548816618912481e-03
2228	1.513298813416220e-03	1.513561248436209e-03
2269	1.450268270312249e-03	1.479108388168207e-03
2296	1.443976095747534e-03	1.445439770745928e-03
2331	1.401689944053541e-03	1.412537544622754e-03
2385	1.374138974998051e-03	1.380384264602885e-03
2421	1.346634710501116e-03	1.348962882591653e-03
2480	1.317958498815108e-03	1.318256738556408e-03
2594	1.247354303237636e-03	1.258925411794167e-03
2652	1.229320186490801e-03	1.230268770812381e-03
2728	1.202181660911461e-03	1.202264434617413e-03
2808	1.168500013069229e-03	1.174897554939529e-03
2873	1.147695654389214e-03	1.148153621496883e-03
2967	1.116163000466575e-03	1.122018454301963e-03
3004	1.091188731304538e-03	1.096478196143185e-03
3028	1.061516848343103e-03	1.071519305237606e-03
3087	1.045330556524782e-03	1.047128548050900e-03
3148	1.008238535078143e-03	1.023292992280754e-03
3165	9.974900510866247e-04	1.000000000000000e-03
3174	9.713226409959752e-04	9.772372209558111e-04
3197	9.527648944449574e-04	9.549925860214359e-04
3288	9.331028284347287e-04	9.332543007969915e-04
3385	9.106366394393550e-04	9.120108393559096e-04
3503	8.741200085878864e-04	8.912509381337459e-04
3520	8.605349791750427e-04	8.709635899560805e-04
3572	8.509876696378704e-04	8.511380382023768e-04
3693	8.316466660065469e-04	8.317637711026709e-04
3846	8.120915690746910e-04	8.128305161640995e-04
3930	7.937072383550348e-04	7.943282347242813e-04
4022	7.743239555244585e-04	7.762471166286919e-04
4104	7.561843632660770e-04	7.585775750291836e-04
4202	7.399315307896615e-04	7.413102413009177e-04
4276	7.232201423851281e-04	7.244359600749898e-04
4419	7.062273602020941e-04	7.079457843841380e-04
4470	6.850116076401180e-04	6.918309709189362e-04
4491	6.710419832155479e-04	6.760829753919819e-04
4541	6.606129497316315e-04	6.606934480075957e-04
4640	6.445897933710087e-04	6.456542290346556e-04
4663	6.309093419134548e-04	6.309573444801930e-04
4786	6.165588299746894e-04	6.165950018614823e-04
4896	6.013822812022118e-04	6.025595860743575e-04
5046	5.885455652095972e-04	5.888436553555889e-04
5101	5.865364741249879e-04	5.888436553555889e-04
%
% index = 153, name = bbob_f002_i09_d02__bbob_f002_i10_d02
% instance = 4, reference value = 8.830876162066350e-01
% function evaluation | indicator value | target hit
1	1.057739792613635e+00	1.071519305237606e+00
5	8.850158879016350e-01	8.912509381337456e-01
28	6.421018892892046e-01	6.456542290346555e-01
44	3.885088911126321e-01	3.890451449942806e-01
45	2.036361583056472e-01	2.041737944669530e-01
105	1.049063332988754e-01	1.071519305237607e-01
106	1.020381845379432e-01	1.023292992280754e-01
133	9.506753192830719e-02	9.549925860214359e-02
189	4.882838286805269e-02	4.897788193684462e-02
208	4.687079557479190e-02	4.786300923226382e-02
211	4.659123162067036e-02	4.677351412871981e-02
221	4.533369713434843e-02	4.570881896148749e-02
230	4.462389951641133e-02	4.466835921509630e-02
255	2.688552512914244e-02	2.691534803926915e-02
257	2.538643369226012e-02	2.570395782768863e-02
258	2.352751732419511e-02	2.398832919019490e-02
267	2.318268373698373e-02	2.344228815319923e-02
268	2.248994355542300e-02	2.290867652767773e-02
305	2.105388612394521e-02	2.137962089502233e-02
306	2.087291559969040e-02	2.089296130854040e-02
314	2.032331326948134e-02	2.041737944669529e-02
331	1.986211562571427e-02	1.995262314968880e-02
346	1.938898704068071e-02	1.949844599758046e-02
356	1.900928962584947e-02	1.905460717963247e-02
428	1.816488879951639e-02	1.819700858609984e-02
471	1.775733995812501e-02	1.778279410038923e-02
514	1.715030431334708e-02	1.737800828749375e-02
529	1.660933369124284e-02	1.698243652461744e-02
530	1.659361600723708e-02	1.659586907437561e-02
539	1.545183226661984e-02	1.548816618912481e-02
622	1.512431102785450e-02	1.513561248436208e-02
631	1.473761684222352e-02	1.479108388168207e-02
652	1.405463502468118e-02	1.412537544622754e-02
670	1.084257737785932e-02	1.096478196143185e-02
700	1.067905134251246e-02	1.071519305237606e-02
759	1.043665595993393e-02	1.047128548050900e-02
799	1.015032893282775e-02	1.023292992280754e-02
814	9.601579441645081e-03	9.772372209558112e-03
868	9.539767554315737e-03	9.549925860214359e-03
936	9.292776926570046e-03	9.332543007969915e-03
1002	9.098518613308904e-03	9.120108393559097e-03
1015	7.606401403689289e-03	7.762471166286920e-03
1029	7.554255991104264e-03	7.585775750291836e-03
1068	7.408044606829645e-03	7.413102413009177e-03
1160	7.061332030338763e-03	7.079457843841380e-03
1216	6.901800916314649e-03	6.918309709189363e-03
1229	6.701326957181397e-03	6.760829753919818e-03
1281	6.383965057592977e-03	6.456542290346556e-03
1286	6.245483489401349e-03	6.309573444801930e-03
1298	6.046278754414436e-03	6.165950018614822e-03
1348	5.823523169907641e-03	5.888436553555890e-03
1360	5.414395087308010e-03	5.495408738576248e-03
1412	5.351560747148487e-03	5.370317963702527e-03
1433	4.733514794289406e-03	4.786300923226385e-03
1449	4.554863916009233e-03	4.570881896148752e-03
1533	4.462470803742957e-03	4.466835921509630e-03
1633	4.356673062563932e-03	4.365158322401661e-03
1662	4.248283833440336e-03	4.265795188015926e-03
1721	4.157692988464134e-03	4.168693834703355e-03
1748	4.011904415256895e-03	4.073802778041126e-03
1764	3.881559528739364e-03	3.890451449942805e-03
1840	3.732695598793634e-03	3.801893963205613e-03
1893	3.693302784686714e-03	3.715352290971724e-03
1927	3.628979309880487e-03	3.630780547701014e-03
2007	3.528475093093841e-03	3.548133892335753e-03
2045	3.464499384937203e-03	3.467368504525317e-03
2048	3.079537205760041e-03	3.090295432513592e-03
2119	3.011320474619383e-03	3.019951720402016e-03
2193	2.945179402561782e-03	2.951209226666387e-03
2275	2.872582162775972e-03	2.884031503126605e-03
2320	2.716100521487075e-03	2.754228703338166e-03
2340	2.627800925064205e-03	2.630267991895381e-03
2423	2.567769529349451e-03	2.570395782768865e-03
2472	2.476573296411599e-03	2.511886431509579e-03
2546	2.446446771203981e-03	2.454708915685031e-03
2653	2.382742335517052e-03	2.398832919019490e-03
2670	2.228987438254726e-03	2.238721138568340e-03
2678	2.031493450253885e-03	2.041737944669530e-03
2728	1.989293974874018e-03	1.995262314968879e-03
2811	1.930604131044400e-03	1.949844599758046e-03
2845	1.904337293579306e-03	1.905460717963246e-03
2895	1.861661644231960e-03	1.862087136662868e-03
3041	1.811001701469084e-03	1.819700858609983e-03
3125	1.751629109286501e-03	1.778279410038923e-03
3133	1.733738999154077e-03	1.737800828749376e-03
3229	1.649811251630107e-03	1.659586907437561e-03
3372	1.620901154034571e-03	1.621810097358930e-03
3429	1.567564049498649e-03	1.584893192461114e-03
3510	1.530269742776702e-03	1.548816618912481e-03
3621	1.512938477469694e-03	1.513561248436209e-03
3715	1.475492820374180e-03	1.479108388168207e-03
3795	1.436973875073799e-03	1.445439770745928e-03
3943	1.412303739816712e-03	1.412537544622754e-03
4170	1.353740557309080e-03	1.380384264602885e-03
4191	1.318427251457921e-03	1.348962882591653e-03
4205	1.313234068861524e-03	1.318256738556408e-03
4301	1.283036405192339e-03	1.288249551693134e-03
4347	1.256923189942527e-03	1.258925411794167e-03
4402	1.229368045975732e-03	1.230268770812381e-03
4542	1.199570006157002e-03	1.202264434617413e-03
4701	1.173734216532107e-03	1.174897554939529e-03
4827	1.136469623828962e-03	1.148153621496883e-03
4857	1.115756191528039e-03	1.122018454301963e-03
5046	1.096415581706922e-03	1.096478196143185e-03
5101	1.091373669784401e-03	1.096478196143185e-03
%
% index = 154, name = bbob_f002_i11_d02__bbob_f002_i12_d02
% instance = 5, reference value = 8.493442979994670e-01
% function evaluation | indicator value | target hit
1	7.694606345821941e+03	7.762471166286919e+03
3	3.637198708311100e+02	3.715352290971724e+02
17	7.940921959772807e+00	7.943282347242816e+00
72	4.189949062721012e+00	4.265795188015927e+00
147	3.317812006720467e+00	3.388441561392026e+00
564	4.023967596005514e-01	4.073802778041127e-01
582	3.276100269819311e-01	3.311311214825911e-01
1030	1.584054870961371e-01	1.584893192461113e-01
1209	1.068550589713961e-01	1.071519305237607e-01
2368	1.040821028809618e-01	1.047128548050900e-01
2664	1.014976048575768e-01	1.023292992280754e-01
3435	9.928955336332101e-02	1.000000000000000e-01
3882	9.558703845852512e-02	9.772372209558107e-02
3950	9.436405675242165e-02	9.549925860214359e-02
4080	6.990224264081490e-02	7.079457843841380e-02
5101	6.990224264081490e-02	7.079457843841380e-02
%
% index = 155, name = bbob_f002_i13_d02__bbob_f002_i14_d02
% instance = 6, reference value = 8.269280909082440e-01
% function evaluation | indicator value | target hit
1	2.559092242385160e-01	2.570395782768864e-01
4	1.930823987258047e-01	1.949844599758045e-01
5	1.890419314080329e-01	1.905460717963247e-01
8	1.588309413763044e-01	1.621810097358930e-01
9	1.165521330512272e-01	1.174897554939529e-01
10	1.030267293907571e-01	1.047128548050900e-01
11	7.973402580022737e-02	8.128305161640990e-02
16	5.485458265140775e-02	5.495408738576246e-02
17	4.862029572714333e-02	4.897788193684462e-02
18	4.668924220495818e-02	4.677351412871981e-02
22	4.519339854596160e-02	4.570881896148749e-02
26	4.331205777423919e-02	4.365158322401658e-02
31	4.193732045689180e-02	4.265795188015926e-02
39	4.144186107127557e-02	4.168693834703355e-02
45	3.750145328423815e-02	3.801893963205612e-02
46	3.363436716752288e-02	3.388441561392026e-02
51	3.310945264059162e-02	3.311311214825911e-02
52	2.969625609384630e-02	3.019951720402016e-02
53	2.805893152223293e-02	2.818382931264454e-02
62	2.729985594856177e-02	2.754228703338166e-02
71	2.672830209522881e-02	2.691534803926915e-02
74	2.586811815706858e-02	2.630267991895381e-02
75	2.412704489198514e-02	2.454708915685030e-02
76	2.336311411176417e-02	2.344228815319923e-02
77	1.932506097269859e-02	1.949844599758046e-02
82	1.879169331492969e-02	1.905460717963247e-02
96	1.827017762161987e-02	1.862087136662868e-02
98	1.669906063957771e-02	1.698243652461744e-02
101	1.602004405625401e-02	1.621810097358930e-02
108	1.435910626982351e-02	1.445439770745927e-02
110	1.354825258840620e-02	1.380384264602885e-02
111	1.273924514099256e-02	1.288249551693134e-02
113	1.248462390023553e-02	1.258925411794167e-02
122	1.213980990613672e-02	1.230268770812382e-02
139	1.176391777098407e-02	1.202264434617413e-02
140	1.166187434958466e-02	1.174897554939530e-02
153	1.134356504659351e-02	1.148153621496883e-02
155	9.310937780476980e-03	9.332543007969915e-03
162	9.053057809009335e-03	9.120108393559097e-03
172	8.886693111942678e-03	8.912509381337459e-03
174	8.626665938856970e-03	8.709635899560805e-03
177	8.487712989969531e-03	8.511380382023767e-03
193	8.181630454812239e-03	8.317637711026709e-03
200	8.114766371082105e-03	8.128305161640995e-03
227	7.937852420342062e-03	7.943282347242814e-03
235	7.382513859694684e-03	7.413102413009177e-03
241	7.188372875317595e-03	7.244359600749898e-03
243	6.904742886970849e-03	6.918309709189363e-03
268	6.715497279532689e-03	6.760829753919818e-03
282	6.598657599907742e-03	6.606934480075957e-03
291	6.310055375265633e-03	6.456542290346556e-03
292	6.224814195064932e-03	6.309573444801930e-03
293	6.024178296549443e-03	6.025595860743574e-03
306	5.887408923109128e-03	5.888436553555890e-03
312	5.539293554721270e-03	5.623413251903491e-03
317	5.472941863216008e-03	5.495408738576248e-03
320	5.325759827442211e-03	5.370317963702527e-03
326	5.009855132358076e-03	5.011872336272725e-03
346	4.865294027533440e-03	4.897788193684461e-03
353	4.727810333897686e-03	4.786300923226385e-03
361	4.674316074514961e-03	4.677351412871981e-03
369	4.567498370277145e-03	4.570881896148752e-03
370	4.463860812549347e-03	4.466835921509630e-03
397	4.337454276557295e-03	4.365158322401661e-03
400	4.226382225825054e-03	4.265795188015926e-03
402	4.167948444656733e-03	4.168693834703355e-03
423	4.071158082202042e-03	4.073802778041126e-03
429	3.980301480009163e-03	3.981071705534973e-03
436	3.870353695561324e-03	3.890451449942805e-03
439	3.792759440261584e-03	3.801893963205613e-03
448	3.705535922158276e-03	3.715352290971724e-03
461	3.549945342532279e-03	3.630780547701014e-03
463	3.545302145856466e-03	3.548133892335753e-03
465	3.448511864679427e-03	3.467368504525317e-03
505	3.380198643091359e-03	3.388441561392024e-03
520	3.297309816715832e-03	3.311311214825911e-03
546	3.231328212462414e-03	3.235936569296281e-03
571	3.156783619232106e-03	3.162277660168379e-03
592	3.056074316666768e-03	3.090295432513592e-03
597	3.008925955553909e-03	3.019951720402016e-03
604	2.929137502662549e-03	2.951209226666387e-03
623	2.881787737890718e-03	2.884031503126605e-03
646	2.795605046391647e-03	2.818382931264455e-03
657	2.643370201966588e-03	2.691534803926917e-03
673	2.628419743117894e-03	2.630267991895381e-03
688	2.563828252536871e-03	2.570395782768865e-03
695	2.507279576522303e-03	2.511886431509579e-03
712	2.331710218982930e-03	2.344228815319923e-03
725	2.281149592381349e-03	2.290867652767772e-03
762	2.100498568465392e-03	2.137962089502233e-03
766	2.086112164074727e-03	2.089296130854039e-03
783	2.034266857531497e-03	2.041737944669530e-03
794	1.978729748910446e-03	1.995262314968879e-03
810	1.947710032480621e-03	1.949844599758046e-03
844	1.903206846043171e-03	1.905460717963246e-03
870	1.855943314942321e-03	1.862087136662868e-03
871	1.813368300459306e-03	1.819700858609983e-03
903	1.730605281656805e-03	1.737800828749376e-03
930	1.695462103241896e-03	1.698243652461744e-03
943	1.658804707049044e-03	1.659586907437561e-03
962	1.621438553778054e-03	1.621810097358930e-03
972	1.569674203679816e-03	1.584893192461114e-03
997	1.547165279309204e-03	1.548816618912481e-03
1007	1.510296414816370e-03	1.513561248436209e-03
1034	1.477817256726133e-03	1.479108388168207e-03
1065	1.438445802827704e-03	1.445439770745928e-03
1085	1.405644294871555e-03	1.412537544622754e-03
1114	1.377549924911792e-03	1.380384264602885e-03
1159	1.341806031109671e-03	1.348962882591653e-03
1198	1.317765498476953e-03	1.318256738556408e-03
1239	1.284210210436343e-03	1.288249551693134e-03
1256	1.254379080776968e-03	1.258925411794167e-03
1278	1.228312445377910e-03	1.230268770812381e-03
1332	1.201263239207662e-03	1.202264434617413e-03
1375	1.171020368256115e-03	1.174897554939529e-03
1407	1.147864826077205e-03	1.148153621496883e-03
1435	1.121731057462272e-03	1.122018454301963e-03
1480	1.091843947184090e-03	1.096478196143185e-03
1497	1.066034383292669e-03	1.071519305237606e-03
1523	1.045378010666731e-03	1.047128548050900e-03
1549	1.010503794714790e-03	1.023292992280754e-03
1570	9.846765518510825e-04	1.000000000000000e-03
1601	9.749295151947335e-04	9.772372209558111e-04
1665	9.381538052160021e-04	9.549925860214359e-04
1679	9.330592280742955e-04	9.332543007969915e-04
1698	9.008621287450724e-04	9.120108393559096e-04
1707	8.843427839467788e-04	8.912509381337459e-04
1735	8.668116072459986e-04	8.709635899560805e-04
1826	8.507237000940915e-04	8.511380382023768e-04
1843	8.297937438039860e-04	8.317637711026709e-04
1883	8.123321597790500e-04	8.128305161640995e-04
1930	7.934603712251853e-04	7.943282347242813e-04
2003	7.756684532039815e-04	7.762471166286919e-04
2040	7.545066122744970e-04	7.585775750291836e-04
2056	7.412453421624665e-04	7.413102413009177e-04
2119	7.242020552843398e-04	7.244359600749898e-04
2135	7.076201555701322e-04	7.079457843841380e-04
2194	6.904783942943693e-04	6.918309709189362e-04
2286	6.758378393000308e-04	6.760829753919819e-04
2353	6.570009945204847e-04	6.606934480075957e-04
2395	6.445128733036931e-04	6.456542290346556e-04
2451	6.307988476301762e-04	6.309573444801930e-04
2481	6.164820876345400e-04	6.165950018614823e-04
2561	6.024117491378878e-04	6.025595860743575e-04
2611	5.869240691067645e-04	5.888436553555889e-04
2649	5.751895238774729e-04	5.754399373371566e-04
2701	5.620232889199661e-04	5.623413251903491e-04
2730	5.476616584009220e-04	5.495408738576248e-04
2785	5.358610016785725e-04	5.370317963702527e-04
2859	5.247813980683302e-04	5.248074602497728e-04
2954	5.121574958016906e-04	5.128613839913648e-04
2985	4.996864677133672e-04	5.011872336272725e-04
3048	4.889900936884128e-04	4.897788193684461e-04
3110	4.785804960794060e-04	4.786300923226385e-04
3188	4.675976073691412e-04	4.677351412871981e-04
3239	4.563847930351139e-04	4.570881896148752e-04
3292	4.460266442364302e-04	4.466835921509630e-04
3399	4.344319122375762e-04	4.365158322401661e-04
3475	4.257340628627260e-04	4.265795188015926e-04
3547	4.163694789657280e-04	4.168693834703355e-04
3647	4.073661978607479e-04	4.073802778041126e-04
3709	3.977772615055830e-04	3.981071705534974e-04
3759	3.867547116899184e-04	3.890451449942805e-04
3847	3.800542051819455e-04	3.801893963205612e-04
3939	3.709318515199289e-04	3.715352290971724e-04
4060	3.630659740991860e-04	3.630780547701014e-04
4131	3.542706645802696e-04	3.548133892335753e-04
4233	3.465367651619422e-04	3.467368504525317e-04
4347	3.388050775406937e-04	3.388441561392024e-04
4451	3.308308522902426e-04	3.311311214825911e-04
4516	3.230857494908035e-04	3.235936569296281e-04
4560	3.160335377843104e-04	3.162277660168379e-04
4691	3.090019767566510e-04	3.090295432513592e-04
4795	3.018529988921825e-04	3.019951720402016e-04
4882	2.948004880927169e-04	2.951209226666387e-04
4997	2.883348366528038e-04	2.884031503126605e-04
5101	2.852220975341213e-04	2.884031503126605e-04
%
% index = 156, name = bbob_f002_i15_d02__bbob_f002_i16_d02
% instance = 7, reference value = 8.271245246928750e-01
% function evaluation | indicator value | target hit
1	1.084516443097875e+00	1.096478196143185e+00
3	8.634481303683751e-01	8.709635899560807e-01
9	2.575868252338617e-01	2.630267991895382e-01
16	2.338044434497109e-01	2.344228815319922e-01
19	2.188134688141626e-01	2.238721138568339e-01
20	2.141539991993344e-01	2.187761623949552e-01
21	1.249160868780106e-01	1.258925411794167e-01
23	1.152437332715447e-01	1.174897554939529e-01
38	1.096348128657434e-01	1.096478196143185e-01
49	1.066046358300984e-01	1.071519305237607e-01
68	6.667831719923412e-02	6.760829753919818e-02
79	6.127354673429608e-02	6.165950018614822e-02
83	5.892246877653606e-02	6.025595860743578e-02
93	4.983210313509545e-02	5.011872336272722e-02
118	4.825581559325243e-02	4.897788193684462e-02
140	2.967636354058156e-02	3.019951720402016e-02
159	2.888798776306223e-02	2.951209226666385e-02
176	2.863870870804053e-02	2.884031503126606e-02
182	2.783039696918321e-02	2.818382931264454e-02
185	2.735887713654173e-02	2.754228703338166e-02
204	2.599373485983658e-02	2.630267991895381e-02
206	2.526944585594770e-02	2.570395782768863e-02
210	2.393441726076362e-02	2.398832919019490e-02
213	2.327581029468495e-02	2.344228815319923e-02
225	2.230138469945220e-02	2.238721138568340e-02
244	2.117076484875369e-02	2.137962089502233e-02
245	2.034060902628387e-02	2.041737944669529e-02
267	1.578562893056723e-02	1.584893192461113e-02
278	1.487893850619648e-02	1.513561248436208e-02
281	1.469248720513516e-02	1.479108388168207e-02
296	1.365351260392655e-02	1.380384264602885e-02
301	1.213194806409346e-02	1.230268770812382e-02
303	1.200626826257722e-02	1.202264434617413e-02
327	1.159386363961845e-02	1.174897554939530e-02
356	1.142869677162350e-02	1.148153621496883e-02
386	1.097724703522907e-02	1.122018454301964e-02
396	9.051967787365056e-03	9.120108393559097e-03
414	8.866883402073533e-03	8.912509381337459e-03
419	8.641985068975067e-03	8.709635899560805e-03
448	8.406761875008772e-03	8.511380382023767e-03
454	8.162639412465089e-03	8.317637711026709e-03
467	8.083412887214259e-03	8.128305161640995e-03
481	7.893478451056257e-03	7.943282347242814e-03
489	7.640065301441901e-03	7.762471166286920e-03
504	7.583567104233135e-03	7.585775750291836e-03
506	7.058818821612856e-03	7.079457843841380e-03
516	6.450066362917450e-03	6.456542290346556e-03
543	6.232789344178480e-03	6.309573444801930e-03
554	5.905495990609189e-03	6.025595860743574e-03
557	5.781370382743511e-03	5.888436553555890e-03
575	5.621455306691669e-03	5.623413251903491e-03
642	5.452864245571454e-03	5.495408738576248e-03
665	5.369387808014991e-03	5.370317963702527e-03
691	5.212264118369170e-03	5.248074602497728e-03
709	5.096408554764009e-03	5.128613839913648e-03
716	4.980923898359912e-03	5.011872336272725e-03
741	4.767325563956759e-03	4.786300923226385e-03
765	4.554871698021712e-03	4.570881896148752e-03
796	4.448694309423407e-03	4.466835921509630e-03
834	4.357878728416642e-03	4.365158322401661e-03
845	4.228490041321642e-03	4.265795188015926e-03
905	4.166301167532138e-03	4.168693834703355e-03
941	4.069972260077104e-03	4.073802778041126e-03
946	3.979981201380878e-03	3.981071705534973e-03
988	3.883161948602720e-03	3.890451449942805e-03
1004	3.801862252240773e-03	3.801893963205613e-03
1010	3.699978386498159e-03	3.715352290971724e-03
1046	3.625169156645014e-03	3.630780547701014e-03
1054	3.492027689619093e-03	3.548133892335753e-03
1134	3.263724145997515e-03	3.311311214825911e-03
1138	3.182741284878943e-03	3.235936569296281e-03
1164	3.146982295167966e-03	3.162277660168379e-03
1201	3.059494767154280e-03	3.090295432513592e-03
1219	2.991447128190439e-03	3.019951720402016e-03
1256	2.945000946698917e-03	2.951209226666387e-03
1263	2.873293244952890e-03	2.884031503126605e-03
1265	2.808487191141573e-03	2.818382931264455e-03
1279	2.740210955726852e-03	2.754228703338166e-03
1308	2.691316842357017e-03	2.691534803926917e-03
1315	2.596911693150239e-03	2.630267991895381e-03
1341	2.523588229450646e-03	2.570395782768865e-03
1346	2.507121087030106e-03	2.511886431509579e-03
1369	2.358531279646914e-03	2.398832919019490e-03
1388	2.338622664250556e-03	2.344228815319923e-03
1416	2.280535651059457e-03	2.290867652767772e-03
1439	2.234004843079784e-03	2.238721138568340e-03
1474	2.186432242292202e-03	2.187761623949552e-03
1506	2.135373784382999e-03	2.137962089502233e-03
1568	2.075481567884729e-03	2.089296130854039e-03
1585	2.011861181133834e-03	2.041737944669530e-03
1593	1.896853212820404e-03	1.905460717963246e-03
1607	1.862052738077824e-03	1.862087136662868e-03
1655	1.808923155040887e-03	1.819700858609983e-03
1782	1.773573159922770e-03	1.778279410038923e-03
1783	1.716933468028925e-03	1.737800828749376e-03
1824	1.682028081361420e-03	1.698243652461744e-03
1847	1.653863007141654e-03	1.659586907437561e-03
1904	1.619681930403405e-03	1.621810097358930e-03
1931	1.583609573203359e-03	1.584893192461114e-03
1940	1.527421663168438e-03	1.548816618912481e-03
1945	1.511798364085548e-03	1.513561248436209e-03
1955	1.453989586281068e-03	1.479108388168207e-03
1965	1.442675765957802e-03	1.445439770745928e-03
1982	1.411210777693017e-03	1.412537544622754e-03
2017	1.379531348525198e-03	1.380384264602885e-03
2059	1.348258897458154e-03	1.348962882591653e-03
2123	1.313388622815270e-03	1.318256738556408e-03
2138	1.284120720472903e-03	1.288249551693134e-03
2190	1.254271129569773e-03	1.258925411794167e-03
2258	1.230011352554072e-03	1.230268770812381e-03
2287	1.201100304494607e-03	1.202264434617413e-03
2326	1.170608159583364e-03	1.174897554939529e-03
2384	1.144338239083997e-03	1.148153621496883e-03
2472	1.112734648475944e-03	1.122018454301963e-03
2519	1.092440564085417e-03	1.096478196143185e-03
2628	1.071240514230354e-03	1.071519305237606e-03
2689	1.042240332566391e-03	1.047128548050900e-03
2745	1.010667199730308e-03	1.023292992280754e-03
2756	9.960046635896225e-04	1.000000000000000e-03
2811	9.767376349972823e-04	9.772372209558111e-04
2856	9.503453782645499e-04	9.549925860214359e-04
2889	9.245166033615693e-04	9.332543007969915e-04
2959	9.107971578117269e-04	9.120108393559096e-04
3018	8.884526487196176e-04	8.912509381337459e-04
3131	8.709382087170869e-04	8.709635899560805e-04
3305	8.496727894914402e-04	8.511380382023768e-04
3468	8.315727988290611e-04	8.317637711026709e-04
3518	8.120246754447225e-04	8.128305161640995e-04
3576	7.927958605040697e-04	7.943282347242813e-04
3739	7.758675491907896e-04	7.762471166286919e-04
3841	7.569200051608105e-04	7.585775750291836e-04
3930	7.411907847444388e-04	7.413102413009177e-04
3995	7.235733846993053e-04	7.244359600749898e-04
4037	7.075546401376087e-04	7.079457843841380e-04
4143	6.916757430305287e-04	6.918309709189362e-04
4263	6.759847520046991e-04	6.760829753919819e-04
4354	6.593767702749442e-04	6.606934480075957e-04
4466	6.442926924880021e-04	6.456542290346556e-04
4593	6.307753773731051e-04	6.309573444801930e-04
4763	6.160775428590837e-04	6.165950018614823e-04
4886	6.021202911781209e-04	6.025595860743575e-04
4948	5.883201382893555e-04	5.888436553555889e-04
5101	5.782681885261320e-04	5.888436553555889e-04
%
% index = 157, name = bbob_f002_i17_d02__bbob_f002_i18_d02
% instance = 8, reference value = 8.167854902805231e-01
% function evaluation | indicator value | target hit
1	7.771427572925976e-01	7.943282347242815e-01
10	2.188949833969662e-01	2.238721138568339e-01
11	1.805295476236944e-01	1.819700858609984e-01
24	1.144986923955610e-01	1.148153621496883e-01
33	1.089312011557726e-01	1.096478196143185e-01
34	1.056896690938426e-01	1.071519305237607e-01
38	1.008365113514994e-01	1.023292992280754e-01
43	8.606421174944356e-02	8.709635899560805e-02
61	8.146424891439963e-02	8.317637711026708e-02
104	5.724448397636195e-02	5.754399373371569e-02
110	5.579882114515722e-02	5.623413251903491e-02
119	5.480348591284312e-02	5.495408738576246e-02
141	4.438237317198790e-02	4.466835921509630e-02
161	4.360925486169576e-02	4.365158322401658e-02
198	3.470641512791561e-02	3.548133892335755e-02
204	3.382965241040525e-02	3.388441561392026e-02
213	3.273447895192216e-02	3.311311214825911e-02
214	3.221300554985917e-02	3.235936569296283e-02
220	3.131729065916600e-02	3.162277660168379e-02
233	2.424334125301764e-02	2.454708915685030e-02
234	2.098386007478126e-02	2.137962089502233e-02
240	2.085773475719011e-02	2.089296130854040e-02
285	2.037798710276684e-02	2.041737944669529e-02
294	1.935292107617292e-02	1.949844599758046e-02
307	1.791287729343749e-02	1.819700858609984e-02
311	1.700973620120627e-02	1.737800828749375e-02
326	1.621662956796499e-02	1.621810097358930e-02
328	1.577435929314164e-02	1.584893192461113e-02
336	1.515643242225573e-02	1.548816618912481e-02
341	1.482264841827974e-02	1.513561248436208e-02
343	1.308747379804232e-02	1.318256738556407e-02
361	1.266763850892505e-02	1.288249551693134e-02
366	1.221831940251905e-02	1.230268770812382e-02
378	1.189225310356234e-02	1.202264434617413e-02
420	1.162843601503938e-02	1.174897554939530e-02
440	1.087663566563590e-02	1.096478196143185e-02
469	1.063609989063929e-02	1.071519305237606e-02
473	1.007373105142351e-02	1.023292992280754e-02
481	9.695092382593251e-03	9.772372209558112e-03
488	9.407039860087840e-03	9.549925860214359e-03
514	8.304168233295939e-03	8.317637711026709e-03
546	7.880927944571847e-03	7.943282347242814e-03
557	7.585645065158020e-03	7.585775750291836e-03
594	7.410255033701074e-03	7.413102413009177e-03
615	7.158935653299170e-03	7.244359600749898e-03
618	6.976119132280023e-03	7.079457843841380e-03
638	6.917149450407667e-03	6.918309709189363e-03
684	6.738777410550401e-03	6.760829753919818e-03
700	6.599947532475725e-03	6.606934480075957e-03
708	6.136694217322214e-03	6.165950018614822e-03
754	5.965235380145706e-03	6.025595860743574e-03
766	5.860141188681056e-03	5.888436553555890e-03
785	5.740061336950153e-03	5.754399373371567e-03
795	5.451781546579215e-03	5.495408738576248e-03
805	5.136685455620071e-03	5.248074602497728e-03
813	5.126641412761868e-03	5.128613839913648e-03
817	4.900651222616736e-03	5.011872336272725e-03
818	4.883705818705675e-03	4.897788193684461e-03
872	4.757646851302866e-03	4.786300923226385e-03
886	4.672881100803883e-03	4.677351412871981e-03
894	4.521708159767379e-03	4.570881896148752e-03
897	4.454947112727647e-03	4.466835921509630e-03
907	4.272755978754539e-03	4.365158322401661e-03
913	4.262620570791742e-03	4.265795188015926e-03
959	4.138078633739051e-03	4.168693834703355e-03
964	4.022122384488180e-03	4.073802778041126e-03
971	3.976757054507729e-03	3.981071705534973e-03
1011	3.890085043924407e-03	3.890451449942805e-03
1026	3.761446408690361e-03	3.801893963205613e-03
1076	3.707439626150943e-03	3.715352290971724e-03
1137	3.552380568038749e-03	3.630780547701014e-03
1139	3.542232953471891e-03	3.548133892335753e-03
1156	3.420748858484979e-03	3.467368504525317e-03
1164	3.387591421887493e-03	3.388441561392024e-03
1224	3.298736820543713e-03	3.311311214825911e-03
1287	3.215504033369676e-03	3.235936569296281e-03
1326	3.161132589847515e-03	3.162277660168379e-03
1440	2.981085032385478e-03	3.019951720402016e-03
1457	2.940551167905148e-03	2.951209226666387e-03
1474	2.831832004196677e-03	2.884031503126605e-03
1490	2.808702347782077e-03	2.818382931264455e-03
1524	2.753874515925125e-03	2.754228703338166e-03
1653	2.680784079042375e-03	2.691534803926917e-03
1690	2.624410409962197e-03	2.630267991895381e-03
1799	2.547831774780129e-03	2.570395782768865e-03
1868	2.500554356394735e-03	2.511886431509579e-03
1919	2.453222364461993e-03	2.454708915685031e-03
1940	2.384835522816431e-03	2.398832919019490e-03
1976	2.332390085022840e-03	2.344228815319923e-03
2001	2.167489063320205e-03	2.187761623949552e-03
2014	2.127579752255859e-03	2.137962089502233e-03
2096	2.071759382161420e-03	2.089296130854039e-03
2166	2.033156016390536e-03	2.041737944669530e-03
2214	1.995128041216709e-03	1.995262314968879e-03
2258	1.938657546307954e-03	1.949844599758046e-03
2311	1.887154410838532e-03	1.905460717963246e-03
2372	1.860250464894686e-03	1.862087136662868e-03
2429	1.809465988810044e-03	1.819700858609983e-03
2507	1.772735175484930e-03	1.778279410038923e-03
2576	1.735652605881044e-03	1.737800828749376e-03
2652	1.693716201090933e-03	1.698243652461744e-03
2714	1.643360699746799e-03	1.659586907437561e-03
2810	1.621326216541541e-03	1.621810097358930e-03
2867	1.583551409890527e-03	1.584893192461114e-03
2909	1.538475831409869e-03	1.548816618912481e-03
3072	1.512010893445659e-03	1.513561248436209e-03
3171	1.477413607054001e-03	1.479108388168207e-03
3232	1.433721489060402e-03	1.445439770745928e-03
3303	1.410297691553541e-03	1.412537544622754e-03
3434	1.352984825298775e-03	1.380384264602885e-03
3459	1.348699442557999e-03	1.348962882591653e-03
3571	1.314397545545187e-03	1.318256738556408e-03
3671	1.280456697890453e-03	1.288249551693134e-03
3725	1.258556227561325e-03	1.258925411794167e-03
3880	1.229976413487877e-03	1.230268770812381e-03
4049	1.201488235395232e-03	1.202264434617413e-03
4238	1.174782154148679e-03	1.174897554939529e-03
4439	1.147344106779080e-03	1.148153621496883e-03
4509	1.109106371439572e-03	1.122018454301963e-03
4570	1.086685201051263e-03	1.096478196143185e-03
4669	1.068706989625690e-03	1.071519305237606e-03
4829	1.046603006007119e-03	1.047128548050900e-03
5078	1.019593844672095e-03	1.023292992280754e-03
5101	1.014139434753480e-03	1.023292992280754e-03
%
% index = 158, name = bbob_f002_i19_d02__bbob_f002_i21_d02
% instance = 9, reference value = 8.327615457309160e-01
% function evaluation | indicator value | target hit
1	2.539118473584980e-01	2.570395782768864e-01
2	1.939918311311211e-01	1.949844599758045e-01
10	1.566899500281810e-01	1.584893192461113e-01
11	1.540826948736700e-01	1.548816618912481e-01
13	8.771755006049631e-02	8.912509381337455e-02
14	6.556337893367215e-02	6.606934480075961e-02
32	6.354490017587733e-02	6.456542290346556e-02
36	6.210159794168524e-02	6.309573444801933e-02
37	5.937767403455829e-02	6.025595860743578e-02
39	5.770456826050008e-02	5.888436553555890e-02
46	5.646670446577085e-02	5.754399373371569e-02
59	5.609986751772478e-02	5.623413251903491e-02
68	5.486441936180753e-02	5.495408738576246e-02
92	5.002744305429241e-02	5.011872336272722e-02
96	4.618303875699259e-02	4.677351412871981e-02
99	3.678697414405685e-02	3.715352290971726e-02
104	3.558749663373628e-02	3.630780547701014e-02
106	3.409132479406352e-02	3.467368504525317e-02
114	3.377810441493767e-02	3.388441561392026e-02
150	3.278473207122989e-02	3.311311214825911e-02
159	2.175610647686277e-02	2.187761623949553e-02
162	1.997592593264108e-02	2.041737944669529e-02
163	1.989672811553422e-02	1.995262314968880e-02
174	1.946114944662025e-02	1.949844599758046e-02
177	1.854685222840924e-02	1.862087136662868e-02
178	1.713744478484025e-02	1.737800828749375e-02
192	1.608770534755544e-02	1.621810097358930e-02
201	1.557798701852253e-02	1.584893192461113e-02
214	1.547574430652954e-02	1.548816618912481e-02
223	1.415201022431545e-02	1.445439770745927e-02
230	1.412529896135706e-02	1.412537544622754e-02
234	1.220438501249632e-02	1.230268770812382e-02
238	1.159415189723167e-02	1.174897554939530e-02
246	1.140079779223480e-02	1.148153621496883e-02
249	1.110272648653854e-02	1.122018454301964e-02
273	1.048432974061742e-02	1.071519305237606e-02
277	1.010632574325077e-02	1.023292992280754e-02
290	9.985430586742616e-03	1.000000000000000e-02
320	9.715694454136559e-03	9.772372209558112e-03
321	9.538760691818471e-03	9.549925860214359e-03
326	8.942012322622372e-03	9.120108393559097e-03
329	8.862227836300307e-03	8.912509381337459e-03
338	8.282782768214036e-03	8.317637711026709e-03
339	8.109069744382968e-03	8.128305161640995e-03
358	7.893557673411378e-03	7.943282347242814e-03
363	7.704347905063136e-03	7.762471166286920e-03
378	7.283820296958066e-03	7.413102413009177e-03
386	7.233694874470342e-03	7.244359600749898e-03
418	7.047219793710813e-03	7.079457843841380e-03
429	6.575532686437624e-03	6.606934480075957e-03
434	6.377602774493063e-03	6.456542290346556e-03
443	6.177350615687249e-03	6.309573444801930e-03
447	6.040758411773872e-03	6.165950018614822e-03
456	6.014482106795671e-03	6.025595860743574e-03
482	5.855454304060870e-03	5.888436553555890e-03
486	5.748054310164008e-03	5.754399373371567e-03
513	5.618643959710901e-03	5.623413251903491e-03
534	5.489946247359323e-03	5.495408738576248e-03
553	5.350666040588981e-03	5.370317963702527e-03
555	5.225171133530271e-03	5.248074602497728e-03
563	5.127080946828677e-03	5.128613839913648e-03
572	4.845389753056151e-03	4.897788193684461e-03
579	4.307893115700456e-03	4.365158322401661e-03
595	3.853872580329987e-03	3.890451449942805e-03
627	3.768285787344672e-03	3.801893963205613e-03
643	3.697411662399785e-03	3.715352290971724e-03
662	3.557372581927676e-03	3.630780547701014e-03
666	3.512323831135533e-03	3.548133892335753e-03
679	3.463523375493827e-03	3.467368504525317e-03
687	3.376378576812389e-03	3.388441561392024e-03
713	3.261545189350179e-03	3.311311214825911e-03
728	3.235781127350124e-03	3.235936569296281e-03
740	2.994434547699765e-03	3.019951720402016e-03
752	2.836860942138530e-03	2.884031503126605e-03
753	2.804594754319600e-03	2.818382931264455e-03
800	2.735733618545400e-03	2.754228703338166e-03
812	2.636255118801945e-03	2.691534803926917e-03
818	2.630177015195301e-03	2.630267991895381e-03
826	2.569902118581435e-03	2.570395782768865e-03
844	2.487196039441919e-03	2.511886431509579e-03
869	2.445043893457455e-03	2.454708915685031e-03
910	2.389780240244277e-03	2.398832919019490e-03
921	2.319614373392787e-03	2.344228815319923e-03
937	2.290332742689083e-03	2.290867652767772e-03
949	2.216936249218149e-03	2.238721138568340e-03
961	2.174711737084722e-03	2.187761623949552e-03
996	2.136897001500548e-03	2.137962089502233e-03
998	2.055893827246691e-03	2.089296130854039e-03
1002	2.036412861794012e-03	2.041737944669530e-03
1015	1.993996625986871e-03	1.995262314968879e-03
1058	1.941027804076123e-03	1.949844599758046e-03
1111	1.902558111942954e-03	1.905460717963246e-03
1119	1.856459407852395e-03	1.862087136662868e-03
1133	1.814168778733971e-03	1.819700858609983e-03
1145	1.776709140624333e-03	1.778279410038923e-03
1201	1.733584677667155e-03	1.737800828749376e-03
1235	1.665804453939601e-03	1.698243652461744e-03
1243	1.655993124474175e-03	1.659586907437561e-03
1286	1.619861744450279e-03	1.621810097358930e-03
1351	1.578950227800746e-03	1.584893192461114e-03
1370	1.545900102369657e-03	1.548816618912481e-03
1405	1.511368918263756e-03	1.513561248436209e-03
1426	1.478956784628616e-03	1.479108388168207e-03
1485	1.434761548919083e-03	1.445439770745928e-03
1486	1.411392931566779e-03	1.412537544622754e-03
1520	1.379775834796981e-03	1.380384264602885e-03
1532	1.346810610535321e-03	1.348962882591653e-03
1560	1.318246912357601e-03	1.318256738556408e-03
1595	1.287925381956545e-03	1.288249551693134e-03
1613	1.256758994294116e-03	1.258925411794167e-03
1677	1.229438198500965e-03	1.230268770812381e-03
1685	1.191245935104557e-03	1.202264434617413e-03
1718	1.170132091998899e-03	1.174897554939529e-03
1784	1.144477914329478e-03	1.148153621496883e-03
1815	1.116626556758593e-03	1.122018454301963e-03
1840	1.096155689042422e-03	1.096478196143185e-03
1898	1.070491294109632e-03	1.071519305237606e-03
1914	1.046118325386258e-03	1.047128548050900e-03
1976	1.020937753747564e-03	1.023292992280754e-03
2001	9.993156643334222e-04	1.000000000000000e-03
2035	9.627986338610617e-04	9.772372209558111e-04
2054	9.507410545459560e-04	9.549925860214359e-04
2085	9.307358391752452e-04	9.332543007969915e-04
2108	9.114359659646576e-04	9.120108393559096e-04
2178	8.909002428647561e-04	8.912509381337459e-04
2230	8.706683479025035e-04	8.709635899560805e-04
2239	8.431201460975535e-04	8.511380382023768e-04
2295	8.255664506798821e-04	8.317637711026709e-04
2324	8.110873809754615e-04	8.128305161640995e-04
2364	7.942844387838210e-04	7.943282347242813e-04
2411	7.735466549191328e-04	7.762471166286919e-04
2465	7.556130092102320e-04	7.585775750291836e-04
2509	7.385034881546293e-04	7.413102413009177e-04
2582	7.239489684413014e-04	7.244359600749898e-04
2656	7.046955094613949e-04	7.079457843841380e-04
2695	6.917752616130146e-04	6.918309709189362e-04
2789	6.754531149886223e-04	6.760829753919819e-04
2845	6.594343271905112e-04	6.606934480075957e-04
2918	6.446348554844938e-04	6.456542290346556e-04
3002	6.305193327480474e-04	6.309573444801930e-04
3070	6.132287646271051e-04	6.165950018614823e-04
3117	6.017270100689975e-04	6.025595860743575e-04
3252	5.886309627162190e-04	5.888436553555889e-04
3342	5.723084582499594e-04	5.754399373371566e-04
3453	5.620239391024295e-04	5.623413251903491e-04
3549	5.493589378456898e-04	5.495408738576248e-04
3589	5.336736821952570e-04	5.370317963702527e-04
3621	5.234700508331969e-04	5.248074602497728e-04
3731	5.117376258120254e-04	5.128613839913648e-04
3787	5.005298957839743e-04	5.011872336272725e-04
3819	4.886896901548088e-04	4.897788193684461e-04
3938	4.772756269674217e-04	4.786300923226385e-04
4003	4.671514187146730e-04	4.677351412871981e-04
4119	4.570420674792075e-04	4.570881896148752e-04
4230	4.465428679489847e-04	4.466835921509630e-04
4306	4.362385342692177e-04	4.365158322401661e-04
4401	4.262244023898187e-04	4.265795188015926e-04
4514	4.167841939424211e-04	4.168693834703355e-04
4576	4.065958749711607e-04	4.073802778041126e-04
4734	3.968193000454256e-04	3.981071705534974e-04
4911	3.890338101807389e-04	3.890451449942805e-04
4987	3.801379727929044e-04	3.801893963205612e-04
5055	3.714644080947682e-04	3.715352290971724e-04
5101	3.691881397689389e-04	3.715352290971724e-04
%
% index = 159, name = bbob_f002_i21_d02__bbob_f002_i22_d02
% instance = 10, reference value = 8.268721580388150e-01
% function evaluation | indicator value | target hit
1	9.344614348788149e-01	9.549925860214360e-01
86	2.599090414581027e-01	2.630267991895382e-01
93	2.276245129712138e-01	2.290867652767773e-01
94	2.173789648660183e-01	2.187761623949552e-01
99	2.087741622644386e-01	2.089296130854039e-01
152	1.932244860097595e-01	1.949844599758045e-01
202	1.811545954406966e-01	1.819700858609984e-01
203	1.182456098945324e-01	1.202264434617413e-01
204	7.180601603306125e-02	7.244359600749903e-02
205	6.938370242252445e-02	7.079457843841380e-02
209	6.802846540528562e-02	6.918309709189366e-02
219	6.424557764834882e-02	6.456542290346556e-02
221	4.377574599849432e-02	4.466835921509630e-02
242	4.117611411054645e-02	4.168693834703355e-02
261	3.895200245710828e-02	3.981071705534973e-02
267	3.456898209823711e-02	3.467368504525317e-02
268	3.159911811733696e-02	3.162277660168379e-02
282	3.062034420876647e-02	3.090295432513590e-02
305	2.924565899388920e-02	2.951209226666385e-02
333	2.815925972061684e-02	2.818382931264454e-02
337	2.685044945675064e-02	2.691534803926915e-02
341	2.477272004899778e-02	2.511886431509579e-02
344	2.419409621126878e-02	2.454708915685030e-02
367	2.353295062001415e-02	2.398832919019490e-02
376	2.343155583145207e-02	2.344228815319923e-02
389	2.026879371631019e-02	2.041737944669529e-02
438	1.994883101482881e-02	1.995262314968880e-02
442	1.934874443576473e-02	1.949844599758046e-02
480	1.742394992965124e-02	1.778279410038923e-02
481	1.699090469604847e-02	1.737800828749375e-02
489	1.697736592808263e-02	1.698243652461744e-02
503	1.584791447985467e-02	1.584893192461113e-02
517	1.546417504690989e-02	1.548816618912481e-02
518	1.315385174080608e-02	1.318256738556407e-02
530	1.073863499552052e-02	1.096478196143185e-02
541	1.054597179934746e-02	1.071519305237606e-02
552	1.045174765627532e-02	1.047128548050900e-02
575	9.126328080844459e-03	9.332543007969915e-03
578	9.094792835155685e-03	9.120108393559097e-03
639	8.892759968890163e-03	8.912509381337459e-03
671	8.704052814941798e-03	8.709635899560805e-03
680	8.326289379752994e-03	8.511380382023767e-03
702	8.290915217520789e-03	8.317637711026709e-03
804	8.099318082457896e-03	8.128305161640995e-03
826	7.940884038228901e-03	7.943282347242814e-03
897	7.740063880408821e-03	7.762471166286920e-03
935	7.474507805883990e-03	7.585775750291836e-03
952	7.235839838966251e-03	7.244359600749898e-03
981	7.077934027136523e-03	7.079457843841380e-03
983	6.552234444977989e-03	6.606934480075957e-03
1021	6.357745773142298e-03	6.456542290346556e-03
1023	6.155226855106388e-03	6.165950018614822e-03
1031	5.959094382383290e-03	6.025595860743574e-03
1085	5.794074939735716e-03	5.888436553555890e-03
1092	5.661391590288556e-03	5.754399373371567e-03
1101	5.612541386971426e-03	5.623413251903491e-03
1130	5.425561201588769e-03	5.495408738576248e-03
1135	5.366127752386207e-03	5.370317963702527e-03
1144	5.219630480074899e-03	5.248074602497728e-03
1180	5.035507614760237e-03	5.128613839913648e-03
1220	4.980350447525539e-03	5.011872336272725e-03
1228	4.887712374694431e-03	4.897788193684461e-03
1237	4.726980148271109e-03	4.786300923226385e-03
1261	4.672478034164596e-03	4.677351412871981e-03
1266	4.413779600383694e-03	4.466835921509630e-03
1278	4.360468493782466e-03	4.365158322401661e-03
1295	4.240030302859910e-03	4.265795188015926e-03
1376	4.124367501959880e-03	4.168693834703355e-03
1436	4.072211447126772e-03	4.073802778041126e-03
1480	3.953380789174510e-03	3.981071705534973e-03
1510	3.880631348906260e-03	3.890451449942805e-03
1546	3.773152198420449e-03	3.801893963205613e-03
1606	3.666862971864804e-03	3.715352290971724e-03
1662	3.625065819604423e-03	3.630780547701014e-03
1717	3.528607386448890e-03	3.548133892335753e-03
1770	3.466840787083592e-03	3.467368504525317e-03
1818	3.364974103028051e-03	3.388441561392024e-03
1843	3.252807069012320e-03	3.311311214825911e-03
1870	3.235369351665018e-03	3.235936569296281e-03
1937	3.063700638526679e-03	3.090295432513592e-03
1978	2.950938847118612e-03	2.951209226666387e-03
2000	2.853657638316465e-03	2.884031503126605e-03
2038	2.726777388641133e-03	2.754228703338166e-03
2043	2.688497196148387e-03	2.691534803926917e-03
2149	2.594178255363455e-03	2.630267991895381e-03
2196	2.541712747912039e-03	2.570395782768865e-03
2217	2.504664192477524e-03	2.511886431509579e-03
2229	2.438018813940568e-03	2.454708915685031e-03
2255	2.375408517455324e-03	2.398832919019490e-03
2332	2.313374148333658e-03	2.344228815319923e-03
2344	2.278591655401452e-03	2.290867652767772e-03
2377	2.219031007295924e-03	2.238721138568340e-03
2439	2.171869636139911e-03	2.187761623949552e-03
2512	2.101797674965877e-03	2.137962089502233e-03
2524	2.080451560163787e-03	2.089296130854039e-03
2590	2.036260259377976e-03	2.041737944669530e-03
2651	1.973788854646719e-03	1.995262314968879e-03
2711	1.944544782011781e-03	1.949844599758046e-03
2868	1.889433551306774e-03	1.905460717963246e-03
2900	1.859148766245822e-03	1.862087136662868e-03
3043	1.790382327747642e-03	1.819700858609983e-03
3049	1.770054544638744e-03	1.778279410038923e-03
3087	1.732189820945362e-03	1.737800828749376e-03
3115	1.696325060342119e-03	1.698243652461744e-03
3253	1.659339417671268e-03	1.659586907437561e-03
3338	1.620447026838945e-03	1.621810097358930e-03
3398	1.558963760285748e-03	1.584893192461114e-03
3402	1.539038713917251e-03	1.548816618912481e-03
3559	1.510580371381520e-03	1.513561248436209e-03
3637	1.478711342994377e-03	1.479108388168207e-03
3746	1.439520865260446e-03	1.445439770745928e-03
3797	1.410251870746615e-03	1.412537544622754e-03
3921	1.356208588939922e-03	1.380384264602885e-03
3959	1.339154012119037e-03	1.348962882591653e-03
3978	1.316622186324667e-03	1.318256738556408e-03
4067	1.280431314245600e-03	1.288249551693134e-03
4229	1.258820318271181e-03	1.258925411794167e-03
4322	1.226711585792684e-03	1.230268770812381e-03
4477	1.200087443842035e-03	1.202264434617413e-03
4549	1.172274803547646e-03	1.174897554939529e-03
4755	1.147572591172485e-03	1.148153621496883e-03
4859	1.119776982552723e-03	1.122018454301963e-03
4946	1.095162944995898e-03	1.096478196143185e-03
5023	1.069994362068449e-03	1.071519305237606e-03
5101	1.068673458683778e-03	1.071519305237606e-03
%
% index = 160, name = bbob_f002_i23_d02__bbob_f002_i24_d02
% instance = 11, reference value = 1.000000000000000e+00
% function evaluation | indicator value | target hit
1	6.953737643136267e-01	7.079457843841379e-01
8	3.722365341695371e-01	3.801893963205612e-01
36	3.689017100819938e-01	3.715352290971726e-01
45	3.284395256635178e-01	3.311311214825911e-01
46	3.120362973229240e-01	3.162277660168379e-01
48	2.861023317787076e-01	2.884031503126606e-01
49	2.814511315084296e-01	2.818382931264454e-01
51	2.618192731537662e-01	2.630267991895382e-01
69	2.351900944020161e-01	2.398832919019490e-01
76	2.263107016939766e-01	2.290867652767773e-01
88	2.235563133907749e-01	2.238721138568339e-01
99	2.185363759182178e-01	2.187761623949552e-01
144	2.120970276351410e-01	2.137962089502232e-01
231	2.086621317880430e-01	2.089296130854039e-01
321	2.017335641146356e-01	2.041737944669530e-01
351	1.994949301399951e-01	1.995262314968880e-01
553	1.948330812346054e-01	1.949844599758045e-01
1514	1.905459392103073e-01	1.905460717963247e-01
5101	1.889706695018776e-01	1.905460717963247e-01
%
% index = 161, name = bbob_f002_i25_d02__bbob_f002_i26_d02
% instance = 12, reference value = 1.000000000000000e+00
% function evaluation | indicator value | target hit
1	7.065665615707606e-01	7.079457843841379e-01
26	3.985908961368877e-01	4.073802778041127e-01
40	3.720648178818378e-01	3.801893963205612e-01
46	3.545628252457890e-01	3.548133892335755e-01
84	3.462881654941419e-01	3.467368504525316e-01
96	2.612364497341286e-01	2.630267991895382e-01
98	2.557029960378071e-01	2.570395782768864e-01
113	2.407784917991870e-01	2.454708915685030e-01
145	2.396891948765562e-01	2.398832919019490e-01
151	2.331735286243412e-01	2.344228815319922e-01
169	2.277853079869312e-01	2.290867652767773e-01
235	2.193377412464486e-01	2.238721138568339e-01
247	2.178403866274580e-01	2.187761623949552e-01
314	2.127850070197006e-01	2.137962089502232e-01
329	2.087056895275698e-01	2.089296130854039e-01
411	2.027172323608734e-01	2.041737944669530e-01
449	1.969597520406702e-01	1.995262314968880e-01
505	1.947053750934605e-01	1.949844599758045e-01
889	1.905446304972683e-01	1.905460717963247e-01
2245	1.862083933995519e-01	1.862087136662867e-01
5101	1.848972908582120e-01	1.862087136662867e-01
%
% index = 162, name = bbob_f002_i27_d02__bbob_f002_i28_d02
% instance = 13, reference value = 1.000000000000000e+00
% function evaluation | indicator value | target hit
1	4.414238654023822e-01	4.466835921509631e-01
6	4.059603711947084e-01	4.073802778041127e-01
10	3.822509225809767e-01	3.890451449942806e-01
11	3.274856673833091e-01	3.311311214825911e-01
15	2.805767728783619e-01	2.818382931264454e-01
17	2.476246872481807e-01	2.511886431509580e-01
26	2.258079935573500e-01	2.290867652767773e-01
32	2.236420335240181e-01	2.238721138568339e-01
60	2.094091473640878e-01	2.137962089502232e-01
62	2.088970579911544e-01	2.089296130854039e-01
63	2.006021911726126e-01	2.041737944669530e-01
69	1.989852269980859e-01	1.995262314968880e-01
89	1.936367037540363e-01	1.949844599758045e-01
113	1.902852459201152e-01	1.905460717963247e-01
159	1.814682886706426e-01	1.819700858609984e-01
176	1.775646872846836e-01	1.778279410038923e-01
232	1.737797701567072e-01	1.737800828749375e-01
388	1.697904677338700e-01	1.698243652461744e-01
5101	1.660846110542974e-01	1.698243652461744e-01
%
% index = 163, name = bbob_f002_i29_d02__bbob_f002_i30_d02
% instance = 14, reference value = 1.000000000000000e+00
% function evaluation | indicator value | target hit
1	5.105376151899581e-01	5.128613839913648e-01
4	3.696591648006197e-01	3.715352290971726e-01
6	3.328160754521832e-01	3.388441561392025e-01
8	2.900963680092417e-01	2.951209226666385e-01
14	2.865460983157055e-01	2.884031503126606e-01
16	2.579597734863754e-01	2.630267991895382e-01
22	2.441080832507259e-01	2.454708915685030e-01
30	2.374379714201413e-01	2.398832919019490e-01
33	2.223936211599762e-01	2.238721138568339e-01
38	2.185134907341199e-01	2.187761623949552e-01
43	2.116927032750727e-01	2.137962089502232e-01
53	2.046496817411847e-01	2.089296130854039e-01
60	2.038317313169692e-01	2.041737944669530e-01
86	1.979073207301295e-01	1.995262314968880e-01
97	1.946107962379178e-01	1.949844599758045e-01
137	1.900098804033058e-01	1.905460717963247e-01
144	1.859568221317214e-01	1.862087136662867e-01
241	1.817955167556499e-01	1.819700858609984e-01
417	1.777795039071295e-01	1.778279410038923e-01
1998	1.737799031755073e-01	1.737800828749375e-01
5101	1.732911090340465e-01	1.737800828749375e-01
%
% index = 164, name = bbob_f002_i31_d02__bbob_f002_i34_d02
% instance = 15, reference value = 1.000000000000000e+00
% function evaluation | indicator value | target hit
1	4.440843978914889e-01	4.466835921509631e-01
2	3.297144139868671e-01	3.311311214825911e-01
8	3.193988756936339e-01	3.235936569296283e-01
16	2.840597446033850e-01	2.884031503126606e-01
19	2.721440035885707e-01	2.754228703338166e-01
26	2.439862485724769e-01	2.454708915685030e-01
29	2.246612336600476e-01	2.290867652767773e-01
31	2.228393153073588e-01	2.238721138568339e-01
36	2.137112386668505e-01	2.137962089502232e-01
46	2.073545811656388e-01	2.089296130854039e-01
54	2.039105402247290e-01	2.041737944669530e-01
69	1.960126043149231e-01	1.995262314968880e-01
71	1.934982770773719e-01	1.949844599758045e-01
78	1.892352486336131e-01	1.905460717963247e-01
104	1.832740079743298e-01	1.862087136662867e-01
124	1.812239718092750e-01	1.819700858609984e-01
139	1.771089730791607e-01	1.778279410038923e-01
214	1.737683463362896e-01	1.737800828749375e-01
315	1.696740839356708e-01	1.698243652461744e-01
1359	1.659558043131892e-01	1.659586907437560e-01
5101	1.652195311196774e-01	1.659586907437560e-01
