%
% index = 945, name = bbob_f001_i02_d03__bbob_f020_i04_d03
% instance = 1, reference value = 9.041974231174710e-01
% function evaluation | indicator value | target hit
1	5.564146490003471e+00	5.623413251903491e+00
10	2.358655182209252e+00	2.398832919019490e+00
83	1.740171150542971e+00	1.778279410038923e+00
219	7.338936219220010e-01	7.413102413009175e-01
368	6.152281257028902e-01	6.165950018614822e-01
820	2.772105647893875e-01	2.818382931264454e-01
914	2.688829193511454e-01	2.691534803926916e-01
1313	2.135259169406174e-01	2.137962089502232e-01
1570	1.828503831989784e-01	1.862087136662867e-01
1778	1.683862191118127e-01	1.698243652461744e-01
2170	1.622394770448526e-01	1.659586907437560e-01
2641	1.336546738847458e-01	1.348962882591654e-01
2709	9.420281991903590e-02	9.549925860214359e-02
3105	9.108338659364579e-02	9.120108393559097e-02
3113	8.065100816713000e-02	8.128305161640990e-02
3572	7.570576010129115e-02	7.585775750291836e-02
4535	6.896903147615563e-02	6.918309709189366e-02
4597	6.682644154181205e-02	6.760829753919818e-02
4735	6.013442135478297e-02	6.025595860743578e-02
5101	6.013442135478297e-02	6.025595860743578e-02
%
% index = 946, name = bbob_f001_i03_d03__bbob_f020_i05_d03
% instance = 2, reference value = 9.922073943690880e-01
% function evaluation | indicator value | target hit
1	1.516941847575588e+00	1.548816618912481e+00
33	7.373810496461131e-01	7.413102413009175e-01
75	4.060526962705705e-01	4.073802778041127e-01
217	3.163787681662447e-01	3.235936569296283e-01
218	2.119262015455573e-01	2.137962089502232e-01
313	1.707785578821784e-01	1.737800828749375e-01
346	1.273202451107841e-01	1.288249551693134e-01
615	8.383571539487644e-02	8.511380382023763e-02
1040	7.296689256430600e-02	7.413102413009177e-02
1072	7.178826928919679e-02	7.244359600749903e-02
1338	5.206464907072861e-02	5.248074602497726e-02
1740	3.345957205446037e-02	3.388441561392026e-02
2173	3.267305716769409e-02	3.311311214825911e-02
2677	1.951453932403280e-02	1.995262314968880e-02
2927	1.713157559116785e-02	1.737800828749375e-02
3073	1.660515223034176e-02	1.698243652461744e-02
3272	1.155951087920126e-02	1.174897554939530e-02
3463	1.082519355532796e-02	1.096478196143185e-02
5101	1.079192455020384e-02	1.096478196143185e-02
%
% index = 947, name = bbob_f001_i07_d03__bbob_f020_i08_d03
% instance = 3, reference value = 9.860855244719789e-01
% function evaluation | indicator value | target hit
1	1.079269526497979e+00	1.096478196143185e+00
62	7.328418288676994e-01	7.413102413009175e-01
76	2.893347745560459e-01	2.951209226666385e-01
109	2.019706231660842e-01	2.041737944669530e-01
137	1.988872544615229e-01	1.995262314968880e-01
623	1.554653257629366e-01	1.584893192461113e-01
903	1.238567014078860e-01	1.258925411794167e-01
940	7.118530090403363e-02	7.244359600749903e-02
1213	7.057828729841564e-02	7.079457843841380e-02
1672	6.898843153438983e-02	6.918309709189366e-02
1810	6.714319181297246e-02	6.760829753919818e-02
2686	4.452982035333453e-02	4.466835921509630e-02
3073	3.459607753143878e-02	3.467368504525317e-02
3656	3.385809763985281e-02	3.388441561392026e-02
3686	2.523812902859623e-02	2.570395782768863e-02
3961	2.509450340705432e-02	2.511886431509579e-02
4265	2.083922059947307e-02	2.089296130854040e-02
5101	2.080827218419801e-02	2.089296130854040e-02
%
% index = 948, name = bbob_f001_i09_d03__bbob_f020_i10_d03
% instance = 4, reference value = 9.408442146025070e-01
% function evaluation | indicator value | target hit
1	8.125629614265265e-01	8.128305161640993e-01
56	7.903979642147700e-01	7.943282347242815e-01
186	6.605459815888208e-01	6.606934480075960e-01
407	6.289088341312510e-01	6.309573444801932e-01
547	6.086706916710841e-01	6.165950018614822e-01
609	3.689506153119226e-01	3.715352290971726e-01
715	2.389788937590074e-01	2.398832919019490e-01
874	2.336147659253104e-01	2.344228815319922e-01
928	1.354557509058251e-01	1.380384264602885e-01
955	1.137238077334106e-01	1.148153621496883e-01
1099	1.108961321560400e-01	1.122018454301964e-01
1876	1.085359631545016e-01	1.096478196143185e-01
2326	8.643870176121027e-02	8.709635899560805e-02
2663	8.123854756988469e-02	8.128305161640990e-02
3148	7.538796264481529e-02	7.585775750291836e-02
3345	7.002983665371898e-02	7.079457843841380e-02
3489	6.349825940543985e-02	6.456542290346556e-02
3601	6.166313810598001e-02	6.309573444801933e-02
3656	5.809339066667185e-02	5.888436553555890e-02
3874	5.654246081995762e-02	5.754399373371569e-02
4304	5.313053916724575e-02	5.370317963702527e-02
4435	5.131907791502732e-02	5.248074602497726e-02
4751	5.110201652070689e-02	5.128613839913648e-02
5101	5.110031052964337e-02	5.128613839913648e-02
%
% index = 949, name = bbob_f001_i11_d03__bbob_f020_i12_d03
% instance = 5, reference value = 9.397896476958920e-01
% function evaluation | indicator value | target hit
1	1.813039927364392e+00	1.819700858609983e+00
17	1.441046393163120e+00	1.445439770745927e+00
19	4.707491022604741e-01	4.786300923226383e-01
101	3.834948493143215e-01	3.890451449942806e-01
459	3.770995133580166e-01	3.801893963205612e-01
507	2.668603223159566e-01	2.691534803926916e-01
552	2.441837152076574e-01	2.454708915685030e-01
692	2.387531279417999e-01	2.398832919019490e-01
1362	1.188973409800653e-01	1.202264434617413e-01
2203	1.093903976119451e-01	1.096478196143185e-01
2633	9.455234134250723e-02	9.549925860214359e-02
3136	9.267666612527525e-02	9.332543007969910e-02
3428	8.838606898516310e-02	8.912509381337455e-02
3548	6.017905335265927e-02	6.025595860743578e-02
4142	5.643387661451005e-02	5.754399373371569e-02
4996	5.211287686261490e-02	5.248074602497726e-02
5101	5.211287686261490e-02	5.248074602497726e-02
%
% index = 950, name = bbob_f001_i13_d03__bbob_f020_i14_d03
% instance = 6, reference value = 9.878026272456610e-01
% function evaluation | indicator value | target hit
1	6.795877562708049e+00	6.918309709189364e+00
11	5.540884325630024e+00	5.623413251903491e+00
35	2.066506670824161e+00	2.089296130854040e+00
39	8.883520023876107e-01	8.912509381337456e-01
534	7.130692014313522e-01	7.244359600749900e-01
597	6.751725522378526e-01	6.760829753919817e-01
697	3.340961285007140e-01	3.388441561392025e-01
1320	2.474407049484884e-01	2.511886431509580e-01
1344	1.947913055334665e-01	1.949844599758045e-01
3092	1.404483325959482e-01	1.412537544622754e-01
4021	1.352872162146537e-01	1.380384264602885e-01
4695	1.321848097186888e-01	1.348962882591654e-01
4744	1.072122425525142e-01	1.096478196143185e-01
4810	5.423740729811122e-02	5.495408738576246e-02
5101	5.423740729811122e-02	5.495408738576246e-02
%
% index = 951, name = bbob_f001_i15_d03__bbob_f020_i16_d03
% instance = 7, reference value = 9.627051795691109e-01
% function evaluation | indicator value | target hit
1	5.143166113114173e-01	5.248074602497725e-01
4	5.044947289317272e-01	5.128613839913648e-01
5	4.791924535589306e-01	4.897788193684462e-01
36	3.650575069631391e-01	3.715352290971726e-01
43	3.308275803166651e-01	3.311311214825911e-01
49	2.811281225534769e-01	2.818382931264454e-01
64	2.734571892635885e-01	2.754228703338166e-01
106	2.361377898522455e-01	2.398832919019490e-01
139	2.057490667837947e-01	2.089296130854039e-01
155	2.012288432313395e-01	2.041737944669530e-01
209	1.935068685168502e-01	1.949844599758045e-01
248	9.964773697183871e-02	1.000000000000000e-01
350	9.098063731664163e-02	9.120108393559097e-02
398	7.209306377052382e-02	7.244359600749903e-02
515	7.002067185846983e-02	7.079457843841380e-02
521	5.511481556994746e-02	5.623413251903491e-02
557	5.469486133054569e-02	5.495408738576246e-02
728	4.844101885927266e-02	4.897788193684462e-02
797	4.425458100089041e-02	4.466835921509630e-02
857	4.130957080336672e-02	4.168693834703355e-02
861	4.044090404826961e-02	4.073802778041128e-02
915	3.841168204447531e-02	3.890451449942807e-02
1138	3.733025119234556e-02	3.801893963205612e-02
1234	3.542903886389104e-02	3.548133892335755e-02
1379	3.245538325655062e-02	3.311311214825911e-02
1443	2.816543976563080e-02	2.818382931264454e-02
1834	2.602389413247752e-02	2.630267991895381e-02
1961	2.496368058369436e-02	2.511886431509579e-02
2545	2.410386205420834e-02	2.454708915685030e-02
2588	2.389632854736223e-02	2.398832919019490e-02
2721	2.264379621205648e-02	2.290867652767773e-02
2904	2.232066319902326e-02	2.238721138568340e-02
3182	2.177427009566546e-02	2.187761623949553e-02
4069	1.961362037734893e-02	1.995262314968880e-02
4254	1.658805143195130e-02	1.659586907437561e-02
4321	1.597650945323736e-02	1.621810097358930e-02
4667	1.557084926035313e-02	1.584893192461113e-02
4732	1.539428904125295e-02	1.548816618912481e-02
4903	1.373893455897490e-02	1.380384264602885e-02
5101	1.352565829330898e-02	1.380384264602885e-02
%
% index = 952, name = bbob_f001_i17_d03__bbob_f020_i18_d03
% instance = 8, reference value = 9.641240222834510e-01
% function evaluation | indicator value | target hit
1	2.262357101620899e+00	2.290867652767773e+00
41	2.081613812814951e+00	2.089296130854040e+00
252	9.347002489095630e-01	9.549925860214360e-01
503	9.124238338977392e-01	9.332543007969910e-01
587	6.145492379675233e-01	6.165950018614822e-01
754	5.251430709674436e-01	5.370317963702527e-01
783	3.474180555194744e-01	3.548133892335755e-01
1109	3.109405745384640e-01	3.162277660168379e-01
1651	2.715359105188579e-01	2.754228703338166e-01
2324	2.409428955295527e-01	2.454708915685030e-01
2435	1.637624877799305e-01	1.659586907437560e-01
2893	1.579275867125484e-01	1.584893192461113e-01
3726	1.504490687080714e-01	1.513561248436208e-01
3852	1.067165402719085e-01	1.071519305237607e-01
4222	6.938939562808000e-02	7.079457843841380e-02
4665	4.675795537742211e-02	4.677351412871981e-02
5101	4.675795537742211e-02	4.677351412871981e-02
%
% index = 953, name = bbob_f001_i19_d03__bbob_f020_i21_d03
% instance = 9, reference value = 9.836719601744570e-01
% function evaluation | indicator value | target hit
1	1.890345436224957e+00	1.905460717963247e+00
57	1.060412593420457e+00	1.071519305237606e+00
89	2.637211391636469e-01	2.691534803926916e-01
159	2.049213723492648e-01	2.089296130854039e-01
160	1.785571429902184e-01	1.819700858609984e-01
653	1.748484027133321e-01	1.778279410038923e-01
1656	1.735934615966910e-01	1.737800828749375e-01
1847	1.659189242101722e-01	1.659586907437560e-01
1874	1.146794471707840e-01	1.148153621496883e-01
2310	9.546339041217189e-02	9.549925860214359e-02
2561	8.757285661705327e-02	8.912509381337455e-02
2619	7.271280848011541e-02	7.413102413009177e-02
2661	4.973146131800976e-02	5.011872336272722e-02
2834	4.809003485720220e-02	4.897788193684462e-02
4085	4.707733596259933e-02	4.786300923226382e-02
5101	4.707733596259933e-02	4.786300923226382e-02
%
% index = 954, name = bbob_f001_i21_d03__bbob_f020_i22_d03
% instance = 10, reference value = 9.434472887979870e-01
% function evaluation | indicator value | target hit
1	2.277588774680237e+00	2.290867652767773e+00
15	2.002359444933487e+00	2.041737944669529e+00
75	1.096241868897487e+00	1.096478196143185e+00
203	7.880917077121643e-01	7.943282347242815e-01
589	7.502426999568041e-01	7.585775750291838e-01
704	5.915626020938413e-01	6.025595860743578e-01
1062	5.743905666063269e-01	5.754399373371569e-01
1110	5.163660506522849e-01	5.248074602497725e-01
1449	4.436326046052077e-01	4.466835921509631e-01
1547	3.136198166150078e-01	3.162277660168379e-01
1689	1.380321832816880e-01	1.380384264602885e-01
2377	1.302955380482462e-01	1.318256738556407e-01
2516	1.194805031739041e-01	1.202264434617413e-01
2624	1.167445298252786e-01	1.174897554939529e-01
4833	1.048887496971078e-01	1.071519305237607e-01
4960	8.280768520510040e-02	8.317637711026708e-02
5101	8.280768520510040e-02	8.317637711026708e-02
%
% index = 955, name = bbob_f001_i23_d03__bbob_f020_i24_d03
% instance = 11, reference value = 1.000000000000000e+00
% function evaluation | indicator value | target hit
1	4.232775281758054e-01	4.265795188015927e-01
21	3.453191486533089e-01	3.467368504525316e-01
33	2.790540209984749e-01	2.818382931264454e-01
433	2.582464698228797e-01	2.630267991895382e-01
463	2.364440548073893e-01	2.398832919019490e-01
657	1.917285569170597e-01	1.949844599758045e-01
661	1.680499884952842e-01	1.698243652461744e-01
736	1.366299160358718e-01	1.380384264602885e-01
743	1.259522255680253e-01	1.288249551693134e-01
839	1.253446415293650e-01	1.258925411794167e-01
1315	1.219755696484641e-01	1.230268770812381e-01
1479	1.187970820185600e-01	1.202264434617413e-01
1535	1.102724521072485e-01	1.122018454301964e-01
1549	1.011350428911232e-01	1.023292992280754e-01
1988	9.841312064648056e-02	1.000000000000000e-01
3786	9.276616534275950e-02	9.332543007969910e-02
3952	8.636975850173068e-02	8.709635899560805e-02
4447	8.257027292268160e-02	8.317637711026708e-02
4987	8.118096035476918e-02	8.128305161640990e-02
5101	8.117159895484116e-02	8.128305161640990e-02
%
% index = 956, name = bbob_f001_i25_d03__bbob_f020_i26_d03
% instance = 12, reference value = 1.000000000000000e+00
% function evaluation | indicator value | target hit
1	1.352469573939071e+03	1.380384264602885e+03
42	1.200703801475779e+03	1.202264434617413e+03
79	1.047213808502697e+03	1.071519305237606e+03
91	7.168283565766000e+00	7.244359600749901e+00
142	2.629102607634000e+00	2.630267991895382e+00
229	1.246261229087000e+00	1.258925411794167e+00
274	1.177037553259500e+00	1.202264434617413e+00
654	9.988329180834562e-01	1.000000000000000e+00
4135	8.410150424348456e-01	8.511380382023764e-01
4162	8.286163341971950e-01	8.317637711026710e-01
5101	8.286163341971950e-01	8.317637711026710e-01
%
% index = 957, name = bbob_f001_i27_d03__bbob_f020_i28_d03
% instance = 13, reference value = 1.000000000000000e+00
% function evaluation | indicator value | target hit
1	5.184779862314950e+01	5.248074602497726e+01
25	9.874771046871132e-01	1.000000000000000e+00
125	5.794968539360899e-01	5.888436553555889e-01
138	3.072103496410263e-01	3.090295432513591e-01
151	1.836165712824878e-01	1.862087136662867e-01
212	1.725505637516975e-01	1.737800828749375e-01
566	8.778704073372312e-02	8.912509381337455e-02
703	5.477488496586957e-02	5.495408738576246e-02
936	5.045461477067670e-02	5.128613839913648e-02
1006	4.941441190942486e-02	5.011872336272722e-02
2936	4.847721291177787e-02	4.897788193684462e-02
3280	4.714998851569274e-02	4.786300923226382e-02
4034	4.606546509523057e-02	4.677351412871981e-02
5101	4.606334368814924e-02	4.677351412871981e-02
%
% index = 958, name = bbob_f001_i29_d03__bbob_f020_i30_d03
% instance = 14, reference value = 1.000000000000000e+00
% function evaluation | indicator value | target hit
1	5.674802149575986e-01	5.754399373371569e-01
6	1.902001870395997e-01	1.905460717963247e-01
116	1.838902323315772e-01	1.862087136662867e-01
204	1.771757759583182e-01	1.778279410038923e-01
925	1.132781208289189e-01	1.148153621496883e-01
954	9.449595346331119e-02	9.549925860214359e-02
1198	6.901605949087808e-02	6.918309709189366e-02
1672	5.850771880888683e-02	5.888436553555890e-02
2935	5.295660369915367e-02	5.370317963702527e-02
3245	5.238179039000468e-02	5.248074602497726e-02
3286	5.052920336349565e-02	5.128613839913648e-02
3303	4.797400010332142e-02	4.897788193684462e-02
3351	4.738320473331692e-02	4.786300923226382e-02
3552	4.614157746713654e-02	4.677351412871981e-02
4121	4.187659197011329e-02	4.265795188015926e-02
4693	4.166191074807479e-02	4.168693834703355e-02
5101	4.135140758856870e-02	4.168693834703355e-02
%
% index = 959, name = bbob_f001_i31_d03__bbob_f020_i34_d03
% instance = 15, reference value = 1.000000000000000e+00
% function evaluation | indicator value | target hit
1	5.335381240981807e-01	5.370317963702527e-01
25	4.576833037740251e-01	4.677351412871982e-01
82	4.275690455264584e-01	4.365158322401660e-01
108	4.235220663702024e-01	4.265795188015927e-01
240	4.033763913936697e-01	4.073802778041127e-01
273	1.952383965957455e-01	1.995262314968880e-01
311	1.884940200535296e-01	1.905460717963247e-01
313	1.768888218342322e-01	1.778279410038923e-01
375	1.719339845160059e-01	1.737800828749375e-01
427	1.432837461358540e-01	1.445439770745928e-01
521	1.335213832586609e-01	1.348962882591654e-01
1063	1.295748864271413e-01	1.318256738556407e-01
1103	1.281334540432986e-01	1.288249551693134e-01
1462	1.154322958443568e-01	1.174897554939529e-01
1487	1.031407235491164e-01	1.047128548050900e-01
1585	9.765337016054254e-02	9.772372209558107e-02
1753	8.778816608828255e-02	8.912509381337455e-02
1928	8.666593554291169e-02	8.709635899560805e-02
2446	8.496111152843644e-02	8.511380382023763e-02
2489	8.267787360028955e-02	8.317637711026708e-02
2584	8.099691863482539e-02	8.128305161640990e-02
2846	7.772222844305055e-02	7.943282347242814e-02
2855	7.717793901577064e-02	7.762471166286916e-02
3562	7.527392801964405e-02	7.585775750291836e-02
3638	7.276673550322632e-02	7.413102413009177e-02
3805	6.950150558379764e-02	7.079457843841380e-02
3900	6.740726244902429e-02	6.760829753919818e-02
3991	6.538287726316172e-02	6.606934480075961e-02
4944	6.454104473252853e-02	6.456542290346556e-02
5101	6.413085918168848e-02	6.456542290346556e-02
