%
% index = 1905, name = bbob_f002_i02_d05__bbob_f020_i04_d05
% instance = 1, reference value = 9.984929909187530e-01
% function evaluation | indicator value | target hit
1	1.313064132182253e+00	1.318256738556407e+00
437	1.309742093134985e-01	1.318256738556407e-01
2098	3.940039356706382e-02	3.981071705534973e-02
2705	2.451652727379694e-02	2.454708915685030e-02
5101	2.451652727379694e-02	2.454708915685030e-02
%
% index = 1906, name = bbob_f002_i03_d05__bbob_f020_i05_d05
% instance = 2, reference value = 9.917430869477259e-01
% function evaluation | indicator value | target hit
1	6.171476932551226e+00	6.309573444801933e+00
8	4.417089022065726e+00	4.466835921509632e+00
15	4.215197041542254e+00	4.265795188015927e+00
16	2.886687215628570e+00	2.951209226666386e+00
30	2.760246487568726e+00	2.818382931264454e+00
46	6.075055389124974e-01	6.165950018614822e-01
87	5.704438397040579e-01	5.754399373371569e-01
606	4.286674982546642e-01	4.365158322401660e-01
721	4.207901974564888e-01	4.265795188015927e-01
735	2.666490378136073e-01	2.691534803926916e-01
1238	2.448757954852140e-01	2.454708915685030e-01
1942	2.272934511414115e-01	2.290867652767773e-01
2449	2.061443158454022e-01	2.089296130854039e-01
2724	1.751066895786695e-01	1.778279410038923e-01
2879	1.623966473530276e-01	1.659586907437560e-01
3380	1.582990683110514e-01	1.584893192461113e-01
3504	1.339783264413141e-01	1.348962882591654e-01
3639	1.202238714067964e-01	1.202264434617413e-01
3918	1.070848602310529e-01	1.071519305237607e-01
5101	1.054260048880629e-01	1.071519305237607e-01
%
% index = 1907, name = bbob_f002_i07_d05__bbob_f020_i08_d05
% instance = 3, reference value = 9.465839345819780e-01
% function evaluation | indicator value | target hit
1	3.280108895832399e-01	3.311311214825911e-01
12	2.558873658042395e-01	2.570395782768864e-01
193	2.506533086906138e-01	2.511886431509580e-01
206	2.304221915718422e-01	2.344228815319922e-01
214	2.268478519743867e-01	2.290867652767773e-01
306	1.594960930252879e-01	1.621810097358930e-01
388	1.510581235201438e-01	1.513561248436208e-01
443	1.454352834526699e-01	1.479108388168208e-01
558	1.246635478160653e-01	1.258925411794167e-01
660	1.049381817885621e-01	1.071519305237607e-01
809	9.830437942386272e-02	1.000000000000000e-01
811	9.766578065366271e-02	9.772372209558107e-02
869	9.549088293661201e-02	9.549925860214359e-02
1050	9.271883000618963e-02	9.332543007969910e-02
1089	8.435161627166610e-02	8.511380382023763e-02
1286	8.206807884222211e-02	8.317637711026708e-02
1618	7.915196454489959e-02	7.943282347242814e-02
1706	7.118763674515161e-02	7.244359600749903e-02
1708	6.917719050340665e-02	6.918309709189366e-02
1710	6.737342289917148e-02	6.760829753919818e-02
1816	6.442109372248284e-02	6.456542290346556e-02
2348	5.215820085451961e-02	5.248074602497726e-02
2548	4.902579405736140e-02	5.011872336272722e-02
2566	4.824845576279557e-02	4.897788193684462e-02
2611	4.758810261616309e-02	4.786300923226382e-02
2657	3.705703253947346e-02	3.715352290971726e-02
2804	3.036814863604875e-02	3.090295432513590e-02
2814	2.909289113063429e-02	2.951209226666385e-02
3648	2.869390333933131e-02	2.884031503126606e-02
3777	2.758738595442678e-02	2.818382931264454e-02
3841	2.744778025658290e-02	2.754228703338166e-02
4021	2.400600143233789e-02	2.454708915685030e-02
4023	2.370235916927055e-02	2.398832919019490e-02
4111	2.280269580962946e-02	2.290867652767773e-02
4297	2.192919723706876e-02	2.238721138568340e-02
4324	1.980353380706623e-02	1.995262314968880e-02
4422	1.916467509194586e-02	1.949844599758046e-02
4468	1.905008137731945e-02	1.905460717963247e-02
4861	1.826710687001798e-02	1.862087136662868e-02
4876	1.742330292375394e-02	1.778279410038923e-02
4909	1.729237387493776e-02	1.737800828749375e-02
5101	1.716717399319412e-02	1.737800828749375e-02
%
% index = 1908, name = bbob_f002_i09_d05__bbob_f020_i10_d05
% instance = 4, reference value = 9.737691410459470e-01
% function evaluation | indicator value | target hit
1	9.405038299020447e+00	9.549925860214358e+00
19	4.528411575354771e+00	4.570881896148751e+00
60	5.024128406322004e-01	5.128613839913648e-01
715	3.817727491753766e-01	3.890451449942806e-01
2454	3.252385086579812e-01	3.311311214825911e-01
2568	2.909011427274039e-01	2.951209226666385e-01
2772	2.289643954261753e-01	2.290867652767773e-01
4142	1.856587755287749e-01	1.862087136662867e-01
5101	1.856587755287749e-01	1.862087136662867e-01
%
% index = 1909, name = bbob_f002_i11_d05__bbob_f020_i12_d05
% instance = 5, reference value = 9.412236761861210e-01
% function evaluation | indicator value | target hit
1	3.662622818268952e-01	3.715352290971726e-01
13	3.506717984714893e-01	3.548133892335755e-01
32	3.297358704704325e-01	3.311311214825911e-01
56	2.204687042220189e-01	2.238721138568339e-01
70	2.122102894294707e-01	2.137962089502232e-01
303	1.861473678615615e-01	1.862087136662867e-01
337	1.806685963418342e-01	1.819700858609984e-01
410	1.699091611546076e-01	1.737800828749375e-01
420	1.668669163594767e-01	1.698243652461744e-01
426	1.550646997126535e-01	1.584893192461113e-01
456	1.498999460851668e-01	1.513561248436208e-01
525	1.321826969622858e-01	1.348962882591654e-01
571	1.289401380974838e-01	1.318256738556407e-01
634	1.122297752490881e-01	1.148153621496883e-01
695	1.118518467889569e-01	1.122018454301964e-01
710	1.080066240197751e-01	1.096478196143185e-01
715	9.859647136847260e-02	1.000000000000000e-01
734	9.170676738280081e-02	9.332543007969910e-02
808	8.928339291343634e-02	9.120108393559097e-02
819	8.404582724360543e-02	8.511380382023763e-02
1110	8.143217902453781e-02	8.317637711026708e-02
1148	8.097566886155849e-02	8.128305161640990e-02
1402	7.671192908464075e-02	7.762471166286916e-02
1496	7.289693639038242e-02	7.413102413009177e-02
1517	6.563311225470025e-02	6.606934480075961e-02
1526	6.418683466331032e-02	6.456542290346556e-02
1533	6.129801352714792e-02	6.165950018614822e-02
1619	6.014769413258769e-02	6.025595860743578e-02
1748	5.765852145861505e-02	5.888436553555890e-02
1848	5.688929775122364e-02	5.754399373371569e-02
2001	4.756722828858939e-02	4.786300923226382e-02
2097	4.311910214097159e-02	4.365158322401658e-02
2102	3.974578288889052e-02	3.981071705534973e-02
2241	3.721448482566081e-02	3.801893963205612e-02
2242	3.676206109322777e-02	3.715352290971726e-02
2387	3.543250270485343e-02	3.548133892335755e-02
2511	3.293844875526086e-02	3.311311214825911e-02
2611	3.078933220549118e-02	3.090295432513590e-02
2754	2.814888765252344e-02	2.818382931264454e-02
2943	2.750920891966369e-02	2.754228703338166e-02
3255	2.686617441632810e-02	2.691534803926915e-02
3281	2.515474949521745e-02	2.570395782768863e-02
3523	2.495594061022421e-02	2.511886431509579e-02
3531	2.201519927902740e-02	2.238721138568340e-02
3569	2.142213562485162e-02	2.187761623949553e-02
3743	2.137627364755479e-02	2.137962089502233e-02
3960	2.056374448896392e-02	2.089296130854040e-02
4703	1.992261155612818e-02	1.995262314968880e-02
4931	1.901120125200495e-02	1.905460717963247e-02
5101	1.864291568904941e-02	1.905460717963247e-02
%
% index = 1910, name = bbob_f002_i13_d05__bbob_f020_i14_d05
% instance = 6, reference value = 9.722374372179060e-01
% function evaluation | indicator value | target hit
1	2.136691362987383e-01	2.137962089502232e-01
40	1.948060688601815e-01	1.949844599758045e-01
188	1.161487552656566e-01	1.174897554939529e-01
216	1.107347005879585e-01	1.122018454301964e-01
222	1.067677887987605e-01	1.071519305237607e-01
307	9.772119702740290e-02	9.772372209558107e-02
453	8.971681958643773e-02	9.120108393559097e-02
566	7.900043431709247e-02	7.943282347242814e-02
611	7.196267748864871e-02	7.244359600749903e-02
620	6.864625836013405e-02	6.918309709189366e-02
740	6.566504973114717e-02	6.606934480075961e-02
783	6.448788458079158e-02	6.456542290346556e-02
805	6.264457558925685e-02	6.309573444801933e-02
1089	6.148773146939979e-02	6.165950018614822e-02
1334	5.841163140070049e-02	5.888436553555890e-02
1345	4.249776931240867e-02	4.265795188015926e-02
1602	3.849514582775360e-02	3.890451449942807e-02
1727	3.726609384591806e-02	3.801893963205612e-02
1834	3.680150640151181e-02	3.715352290971726e-02
2313	3.608774128033787e-02	3.630780547701014e-02
2436	3.124766151283009e-02	3.162277660168379e-02
2571	2.131274959733187e-02	2.137962089502233e-02
2825	1.969437187879863e-02	1.995262314968880e-02
2975	1.906874762222521e-02	1.949844599758046e-02
3121	1.873867943609231e-02	1.905460717963247e-02
3132	1.832680806404297e-02	1.862087136662868e-02
3236	1.629746463454929e-02	1.659586907437561e-02
3323	1.600861327187764e-02	1.621810097358930e-02
3620	1.562244100125842e-02	1.584893192461113e-02
3863	1.405808835630251e-02	1.412537544622754e-02
4175	1.378603229168096e-02	1.380384264602885e-02
4546	1.345441903982547e-02	1.348962882591653e-02
4928	1.296524968663715e-02	1.318256738556407e-02
5101	1.296524968663715e-02	1.318256738556407e-02
%
% index = 1911, name = bbob_f002_i15_d05__bbob_f020_i16_d05
% instance = 7, reference value = 9.735050223625690e-01
% function evaluation | indicator value | target hit
1	2.403599511923553e-01	2.454708915685030e-01
9	1.755189885856062e-01	1.778279410038923e-01
76	1.378548641934948e-01	1.380384264602885e-01
154	7.944614575868547e-02	8.128305161640990e-02
319	6.980122972908520e-02	7.079457843841380e-02
320	6.145252566933279e-02	6.165950018614822e-02
433	5.586994327423589e-02	5.623413251903491e-02
637	5.177442897846973e-02	5.248074602497726e-02
655	4.541528645888981e-02	4.570881896148749e-02
905	4.366140056219303e-02	4.466835921509630e-02
1004	4.313250823488946e-02	4.365158322401658e-02
1037	4.226711720775211e-02	4.265795188015926e-02
1177	3.638092313642394e-02	3.715352290971726e-02
1523	3.545190432659806e-02	3.548133892335755e-02
1941	3.460384341882849e-02	3.467368504525317e-02
2283	3.332256472356010e-02	3.388441561392026e-02
2584	2.822944500834712e-02	2.884031503126606e-02
2707	2.749501720001335e-02	2.754228703338166e-02
2990	2.642558589116573e-02	2.691534803926915e-02
3329	2.605774393043814e-02	2.630267991895381e-02
3483	2.531724475974706e-02	2.570395782768863e-02
3633	2.437045070573207e-02	2.454708915685030e-02
3660	2.310775863388848e-02	2.344228815319923e-02
3685	2.136584391644347e-02	2.137962089502233e-02
4173	2.077423124903421e-02	2.089296130854040e-02
4671	2.007166716557096e-02	2.041737944669529e-02
4744	1.985534196412420e-02	1.995262314968880e-02
5101	1.954226445029650e-02	1.995262314968880e-02
%
% index = 1912, name = bbob_f002_i17_d05__bbob_f020_i18_d05
% instance = 8, reference value = 9.723412145178369e-01
% function evaluation | indicator value | target hit
1	2.676359945193295e-01	2.691534803926916e-01
13	2.305541301975463e-01	2.344228815319922e-01
30	2.156322947142376e-01	2.187761623949552e-01
74	2.015972453633514e-01	2.041737944669530e-01
317	1.866890105855893e-01	1.905460717963247e-01
403	1.169074079702359e-01	1.174897554939529e-01
425	1.134286060213815e-01	1.148153621496883e-01
633	1.019937509413861e-01	1.023292992280754e-01
1048	8.780329806068832e-02	8.912509381337455e-02
1336	8.410019711063499e-02	8.511380382023763e-02
1760	8.285660469479439e-02	8.317637711026708e-02
1893	7.190212249305317e-02	7.244359600749903e-02
1962	4.892911685545465e-02	4.897788193684462e-02
2020	4.769745980717777e-02	4.786300923226382e-02
2222	3.875611140038249e-02	3.890451449942807e-02
2412	3.787168694158116e-02	3.801893963205612e-02
2461	3.712777280499069e-02	3.715352290971726e-02
2918	3.300903742136030e-02	3.311311214825911e-02
3369	3.221132823070150e-02	3.235936569296283e-02
3904	2.681578237162774e-02	2.691534803926915e-02
4068	2.619005861986734e-02	2.630267991895381e-02
4244	2.235232394523945e-02	2.238721138568340e-02
4416	2.089178609128406e-02	2.089296130854040e-02
4529	2.018765957215829e-02	2.041737944669529e-02
5101	2.015864413256774e-02	2.041737944669529e-02
%
% index = 1913, name = bbob_f002_i19_d05__bbob_f020_i21_d05
% instance = 9, reference value = 9.904001880811700e-01
% function evaluation | indicator value | target hit
1	4.753889109244670e+00	4.786300923226384e+00
9	8.328621840073546e-01	8.511380382023764e-01
222	7.364599491534096e-01	7.413102413009175e-01
385	4.944566572502154e-01	5.011872336272722e-01
433	4.853146617445375e-01	4.897788193684462e-01
710	3.338793915524537e-01	3.388441561392025e-01
1135	2.635257305590664e-01	2.691534803926916e-01
1224	2.521202669038851e-01	2.570395782768864e-01
1320	2.418764262725533e-01	2.454708915685030e-01
1414	9.194715990499824e-02	9.332543007969910e-02
1917	6.809130538603470e-02	6.918309709189366e-02
2327	5.899963164880939e-02	6.025595860743578e-02
2337	4.894301764780706e-02	4.897788193684462e-02
3789	4.689619625691366e-02	4.786300923226382e-02
3847	3.392661309919609e-02	3.467368504525317e-02
3901	3.239875843822460e-02	3.311311214825911e-02
4935	3.224157450661491e-02	3.235936569296283e-02
5101	3.224157450661491e-02	3.235936569296283e-02
%
% index = 1914, name = bbob_f002_i21_d05__bbob_f020_i22_d05
% instance = 10, reference value = 9.731619948606760e-01
% function evaluation | indicator value | target hit
1	4.886665531508176e+00	4.897788193684462e+00
4	8.915038308306533e-01	9.120108393559098e-01
88	8.591674708549887e-01	8.709635899560807e-01
453	8.431113529198022e-01	8.511380382023764e-01
575	7.136434279332896e-01	7.244359600749900e-01
949	3.611186563773394e-01	3.630780547701014e-01
1477	3.182653676803192e-01	3.235936569296283e-01
1514	3.129253491000413e-01	3.162277660168379e-01
3750	1.169640819811012e-01	1.174897554939529e-01
4339	1.027810816485463e-01	1.047128548050900e-01
5101	1.027810816485463e-01	1.047128548050900e-01
%
% index = 1915, name = bbob_f002_i23_d05__bbob_f020_i24_d05
% instance = 11, reference value = 1.000000000000000e+00
% function evaluation | indicator value | target hit
1	3.155953670107429e-01	3.162277660168379e-01
273	2.156187776198433e-01	2.187761623949552e-01
452	2.137410188357647e-01	2.137962089502232e-01
607	2.074950248616430e-01	2.089296130854039e-01
764	1.975863657783120e-01	1.995262314968880e-01
815	1.932629948618704e-01	1.949844599758045e-01
1037	1.706224416945332e-01	1.737800828749375e-01
1077	1.595853296941032e-01	1.621810097358930e-01
1228	1.440410253319923e-01	1.445439770745928e-01
1375	1.112311726104185e-01	1.122018454301964e-01
1409	9.882274325588325e-02	1.000000000000000e-01
1510	9.750969099215223e-02	9.772372209558107e-02
2105	9.514332681417503e-02	9.549925860214359e-02
2604	8.996029778100789e-02	9.120108393559097e-02
2675	8.219329664632991e-02	8.317637711026708e-02
2888	7.876182300551782e-02	7.943282347242814e-02
2992	7.601001868221757e-02	7.762471166286916e-02
3126	7.187474711157038e-02	7.244359600749903e-02
3213	6.087994418956599e-02	6.165950018614822e-02
3323	5.936804166176113e-02	6.025595860743578e-02
3785	5.718943853747871e-02	5.754399373371569e-02
4509	5.603835350199304e-02	5.623413251903491e-02
4766	5.357464104994358e-02	5.370317963702527e-02
5101	5.332692240400039e-02	5.370317963702527e-02
%
% index = 1916, name = bbob_f002_i25_d05__bbob_f020_i26_d05
% instance = 12, reference value = 1.000000000000000e+00
% function evaluation | indicator value | target hit
1	3.801385039762470e+00	3.801893963205611e+00
194	3.270615025827000e+00	3.311311214825911e+00
202	8.926273722645424e-01	9.120108393559098e-01
306	3.478538995502702e-01	3.548133892335755e-01
727	3.094572136253052e-01	3.162277660168379e-01
3367	2.966101233246899e-01	3.019951720402016e-01
3720	1.822446380158815e-01	1.862087136662867e-01
3993	1.731266565522056e-01	1.737800828749375e-01
5101	1.731266565522056e-01	1.737800828749375e-01
%
% index = 1917, name = bbob_f002_i27_d05__bbob_f020_i28_d05
% instance = 13, reference value = 1.000000000000000e+00
% function evaluation | indicator value | target hit
1	3.248664155372373e-01	3.311311214825911e-01
201	1.677912930013706e-01	1.698243652461744e-01
467	1.198410552960141e-01	1.202264434617413e-01
543	1.150027232191568e-01	1.174897554939529e-01
622	6.926352808828140e-02	7.079457843841380e-02
906	6.730709304847549e-02	6.760829753919818e-02
1518	6.575697137293457e-02	6.606934480075961e-02
1869	6.392069151976598e-02	6.456542290346556e-02
2185	4.378214058694596e-02	4.466835921509630e-02
2828	4.104598028549367e-02	4.168693834703355e-02
2975	4.023666219325950e-02	4.073802778041128e-02
3011	3.904010573974137e-02	3.981071705534973e-02
3068	3.755349645157890e-02	3.801893963205612e-02
3156	3.627114623768513e-02	3.630780547701014e-02
3209	3.292720452833653e-02	3.311311214825911e-02
3871	2.847500080295040e-02	2.884031503126606e-02
4655	2.793767371126832e-02	2.818382931264454e-02
5101	2.777834304673188e-02	2.818382931264454e-02
%
% index = 1918, name = bbob_f002_i29_d05__bbob_f020_i30_d05
% instance = 14, reference value = 1.000000000000000e+00
% function evaluation | indicator value | target hit
1	2.671446642437787e-01	2.691534803926916e-01
40	2.598063707209417e-01	2.630267991895382e-01
48	2.526466755957608e-01	2.570395782768864e-01
203	1.961344021867346e-01	1.995262314968880e-01
323	1.761702097569248e-01	1.778279410038923e-01
764	1.580382308627541e-01	1.584893192461113e-01
830	1.483146815498771e-01	1.513561248436208e-01
969	1.434767495987055e-01	1.445439770745928e-01
1025	1.063871599282241e-01	1.071519305237607e-01
1051	8.972025002549522e-02	9.120108393559097e-02
1133	8.531352968199002e-02	8.709635899560805e-02
1376	8.297067220728449e-02	8.317637711026708e-02
1390	7.890942900952203e-02	7.943282347242814e-02
1536	7.689679247387970e-02	7.762471166286916e-02
1607	7.473948304742006e-02	7.585775750291836e-02
1922	7.401490958386381e-02	7.413102413009177e-02
2379	7.085933836545377e-02	7.244359600749903e-02
2421	7.039479982904617e-02	7.079457843841380e-02
2898	6.865387405446699e-02	6.918309709189366e-02
3515	6.566135158676623e-02	6.606934480075961e-02
3642	6.324503728828701e-02	6.456542290346556e-02
3827	6.096230701309424e-02	6.165950018614822e-02
4419	5.948822887917948e-02	6.025595860743578e-02
5101	5.928072863997491e-02	6.025595860743578e-02
%
% index = 1919, name = bbob_f002_i31_d05__bbob_f020_i34_d05
% instance = 15, reference value = 1.000000000000000e+00
% function evaluation | indicator value | target hit
1	4.248069304666672e+00	4.265795188015927e+00
89	1.461478090742000e+00	1.479108388168207e+00
276	9.731796688272134e-01	9.772372209558107e-01
994	8.256891433683614e-01	8.317637711026710e-01
1117	7.787044331565527e-01	7.943282347242815e-01
1774	7.707061928502748e-01	7.762471166286917e-01
1818	3.291546390369874e-01	3.311311214825911e-01
1946	2.956609107037762e-01	3.019951720402016e-01
2604	2.669545602351208e-01	2.691534803926916e-01
3543	2.469095168009240e-01	2.511886431509580e-01
5101	2.469095168009240e-01	2.511886431509580e-01
