%
% index = 2760, name = bbob_f006_i02_d10__bbob_f006_i04_d10
% instance = 1, reference value = 9.999027398041200e-01
% function evaluation | indicator value | target hit
1	2.695456943321120e+00	2.754228703338166e+00
58	2.674419590879282e+00	2.691534803926916e+00
78	2.253539974000699e+00	2.290867652767773e+00
185	2.024606459879704e+00	2.041737944669529e+00
203	9.427584255433271e-01	9.549925860214360e-01
706	7.931975320558143e-01	7.943282347242815e-01
1220	7.670599795549717e-01	7.762471166286917e-01
1232	6.076980854119373e-01	6.165950018614822e-01
2236	5.904766493151975e-01	6.025595860743578e-01
2416	5.389763167230680e-01	5.495408738576245e-01
2582	5.278358455448526e-01	5.370317963702527e-01
2609	5.186183166903762e-01	5.248074602497725e-01
2838	5.116697457474337e-01	5.128613839913648e-01
3223	4.099266434916859e-01	4.168693834703354e-01
3289	3.823801621719378e-01	3.890451449942806e-01
3438	3.718605853198798e-01	3.801893963205612e-01
3508	3.694735952763389e-01	3.715352290971726e-01
3509	3.294666914148330e-01	3.311311214825911e-01
3982	3.107320258039228e-01	3.162277660168379e-01
4041	3.054611802681413e-01	3.090295432513591e-01
4191	2.931664685926427e-01	2.951209226666385e-01
4565	2.781835197104746e-01	2.818382931264454e-01
4633	2.620184046576527e-01	2.630267991895382e-01
5006	1.879350577180368e-01	1.905460717963247e-01
5101	1.879350577180368e-01	1.905460717963247e-01
%
% index = 2761, name = bbob_f006_i03_d10__bbob_f006_i05_d10
% instance = 2, reference value = 9.996775691028440e-01
% function evaluation | indicator value | target hit
1	5.212209722429952e-01	5.248074602497725e-01
9	5.071104819453804e-01	5.128613839913648e-01
13	5.004752697026738e-01	5.011872336272722e-01
113	4.713953125595211e-01	4.786300923226383e-01
202	4.622182976035691e-01	4.677351412871982e-01
444	4.567397691507727e-01	4.570881896148750e-01
957	4.435695354174100e-01	4.466835921509631e-01
1076	4.231561688975624e-01	4.265795188015927e-01
1106	4.096786049844277e-01	4.168693834703354e-01
1159	2.528222408057729e-01	2.570395782768864e-01
1203	1.829324448409333e-01	1.862087136662867e-01
1212	1.692233814230201e-01	1.698243652461744e-01
1481	1.540215781055900e-01	1.548816618912481e-01
1522	1.453975222672202e-01	1.479108388168208e-01
1687	1.378087177336507e-01	1.380384264602885e-01
1733	1.092424396722617e-01	1.096478196143185e-01
1920	1.068760925522092e-01	1.071519305237607e-01
2124	1.046484824240725e-01	1.047128548050900e-01
2220	1.016224865823300e-01	1.023292992280754e-01
2317	3.869009058275563e-02	3.890451449942807e-02
2673	3.770240696866611e-02	3.801893963205612e-02
2809	3.629057661983048e-02	3.630780547701014e-02
2971	3.009111780138696e-02	3.019951720402016e-02
3220	2.600296460224893e-02	2.630267991895381e-02
3807	2.569787130603984e-02	2.570395782768863e-02
3896	1.994865377112021e-02	1.995262314968880e-02
4333	1.932777439442390e-02	1.949844599758046e-02
4406	1.893511471254028e-02	1.905460717963247e-02
4613	1.653401130259113e-02	1.659586907437561e-02
4704	1.240434461377371e-02	1.258925411794167e-02
4966	1.131367315664522e-02	1.148153621496883e-02
4984	1.121822569207331e-02	1.122018454301964e-02
5101	1.121822569207331e-02	1.122018454301964e-02
%
% index = 2762, name = bbob_f006_i07_d10__bbob_f006_i08_d10
% instance = 3, reference value = 9.726857178096940e-01
% function evaluation | indicator value | target hit
1	4.669904646477853e-01	4.677351412871982e-01
2341	4.528195635264753e-01	4.570881896148750e-01
2410	3.588800189618250e-01	3.630780547701014e-01
2833	3.249314277123744e-01	3.311311214825911e-01
3889	3.204667424816621e-01	3.235936569296283e-01
4145	2.953505970385418e-01	3.019951720402016e-01
5101	2.953505970385418e-01	3.019951720402016e-01
%
% index = 2763, name = bbob_f006_i09_d10__bbob_f006_i10_d10
% instance = 4, reference value = 9.999309954831950e-01
% function evaluation | indicator value | target hit
1	6.031556840261798e-01	6.165950018614822e-01
47	5.676505416336344e-01	5.754399373371569e-01
173	5.500536049359415e-01	5.623413251903491e-01
307	3.711442358390719e-01	3.715352290971726e-01
335	3.302809632766177e-01	3.311311214825911e-01
408	1.480217023436302e-01	1.513561248436208e-01
455	1.413161927215228e-01	1.445439770745928e-01
505	1.287051341830238e-01	1.288249551693134e-01
510	3.043169729806339e-02	3.090295432513590e-02
803	1.734924582917718e-02	1.737800828749375e-02
838	6.808039823815393e-03	6.918309709189363e-03
1134	6.530337283275900e-03	6.606934480075957e-03
1192	5.388858015815678e-03	5.495408738576248e-03
1198	5.185584692101841e-03	5.248074602497728e-03
1203	4.992859414486794e-03	5.011872336272725e-03
1262	4.700016426697040e-03	4.786300923226385e-03
1270	4.317250852793109e-03	4.365158322401661e-03
1302	4.130766484131021e-03	4.168693834703355e-03
1312	3.984916700007335e-03	4.073802778041126e-03
1374	3.958453357829850e-03	3.981071705534973e-03
1460	3.853334831352084e-03	3.890451449942805e-03
1522	3.800576395580846e-03	3.801893963205613e-03
2236	3.276392762709412e-03	3.311311214825911e-03
3323	3.226701246789032e-03	3.235936569296281e-03
3369	3.153505055770278e-03	3.162277660168379e-03
3914	3.018240979187237e-03	3.019951720402016e-03
5101	2.985363917038852e-03	3.019951720402016e-03
%
% index = 2764, name = bbob_f006_i11_d10__bbob_f006_i12_d10
% instance = 5, reference value = 9.998468640123340e-01
% function evaluation | indicator value | target hit
1	9.274396414387392e-01	9.332543007969910e-01
85	6.106966217172688e-01	6.165950018614822e-01
440	6.023181731570905e-01	6.025595860743578e-01
612	4.459879368244202e-01	4.466835921509631e-01
707	6.900228630908578e-02	6.918309709189366e-02
1304	5.839114596798567e-02	5.888436553555890e-02
1949	4.351945153941350e-02	4.365158322401658e-02
1968	3.608287000701338e-02	3.630780547701014e-02
2107	2.588390266148721e-02	2.630267991895381e-02
2239	2.538231355494502e-02	2.570395782768863e-02
2245	2.291879854061996e-02	2.344228815319923e-02
2291	2.044963406614231e-02	2.089296130854040e-02
2339	1.626815964029571e-02	1.659586907437561e-02
2354	7.038030361601666e-03	7.079457843841380e-03
3199	5.464224487767955e-03	5.495408738576248e-03
3520	5.162974593116432e-03	5.248074602497728e-03
3877	5.126969071580390e-03	5.128613839913648e-03
4287	4.569426853368808e-03	4.570881896148752e-03
4992	4.390453098351066e-03	4.466835921509630e-03
5100	4.272879541843189e-03	4.365158322401661e-03
5101	4.272879541843189e-03	4.365158322401661e-03
%
% index = 2765, name = bbob_f006_i13_d10__bbob_f006_i14_d10
% instance = 6, reference value = 9.210659247146800e-01
% function evaluation | indicator value | target hit
1	1.430316962467180e+00	1.445439770745927e+00
1249	1.303822648490115e+00	1.318256738556407e+00
1980	1.251839467836180e+00	1.258925411794167e+00
2615	1.109374096306680e+00	1.122018454301963e+00
5101	1.109374096306680e+00	1.122018454301963e+00
%
% index = 2766, name = bbob_f006_i15_d10__bbob_f006_i16_d10
% instance = 7, reference value = 9.729349736257560e-01
% function evaluation | indicator value | target hit
1	9.519312943193441e-01	9.549925860214360e-01
194	9.281898833194443e-01	9.332543007969910e-01
406	9.048973043021507e-01	9.120108393559098e-01
715	7.389271219143640e-01	7.413102413009175e-01
1321	6.586412396890906e-01	6.606934480075960e-01
2570	6.142509015811649e-01	6.165950018614822e-01
2687	4.582110766039122e-01	4.677351412871982e-01
5021	4.489213269252947e-01	4.570881896148750e-01
5101	4.489213269252947e-01	4.570881896148750e-01
%
% index = 2767, name = bbob_f006_i17_d10__bbob_f006_i18_d10
% instance = 8, reference value = 9.997249424019500e-01
% function evaluation | indicator value | target hit
1	4.096901237479449e+00	4.168693834703354e+00
307	4.070061616996449e+00	4.073802778041127e+00
336	3.885127256408450e+00	3.890451449942806e+00
815	3.428154763559744e+00	3.467368504525317e+00
922	2.261553263141260e+00	2.290867652767773e+00
1775	1.903846004092450e+00	1.905460717963247e+00
2008	1.356112347152505e+00	1.380384264602885e+00
2159	8.558035198059907e-01	8.709635899560807e-01
3851	5.613873760951322e-01	5.623413251903491e-01
4049	5.175561750994983e-01	5.248074602497725e-01
4847	3.482537893963201e-01	3.548133892335755e-01
4872	3.411345504029770e-01	3.467368504525316e-01
5101	3.411345504029770e-01	3.467368504525316e-01
%
% index = 2768, name = bbob_f006_i19_d10__bbob_f006_i21_d10
% instance = 9, reference value = 9.994336956291110e-01
% function evaluation | indicator value | target hit
1	6.867893932709110e+00	6.918309709189364e+00
79	6.042055148170174e+00	6.165950018614822e+00
310	1.853000653786611e+00	1.862087136662868e+00
1211	1.807979846890611e+00	1.819700858609983e+00
1323	2.812048322185678e-01	2.818382931264454e-01
1908	1.862178068173752e-01	1.905460717963247e-01
2548	1.861779283847326e-01	1.862087136662867e-01
2807	1.668480993985648e-01	1.698243652461744e-01
2841	1.630337734463398e-01	1.659586907437560e-01
2905	1.347723669222961e-01	1.348962882591654e-01
3137	1.290553990511154e-01	1.318256738556407e-01
3524	1.282565362699325e-01	1.288249551693134e-01
3812	8.393636038815444e-02	8.511380382023763e-02
4019	7.475293486257062e-02	7.585775750291836e-02
4105	7.077027873934771e-02	7.079457843841380e-02
4185	6.101793637009267e-02	6.165950018614822e-02
4606	5.723510113081698e-02	5.754399373371569e-02
5101	5.723510113081698e-02	5.754399373371569e-02
%
% index = 2769, name = bbob_f006_i21_d10__bbob_f006_i22_d10
% instance = 10, reference value = 9.998034075052200e-01
% function evaluation | indicator value | target hit
1	1.562174532268720e+00	1.584893192461114e+00
195	1.402383883368720e+00	1.412537544622754e+00
651	9.967306693827569e-01	1.000000000000000e+00
951	9.069354337981592e-01	9.120108393559098e-01
996	8.515884851268783e-01	8.709635899560807e-01
1083	7.093885351717416e-01	7.244359600749900e-01
1109	6.457600543353514e-01	6.606934480075960e-01
1118	5.265979798630851e-01	5.370317963702527e-01
1304	4.181677558001520e-01	4.265795188015927e-01
1315	2.610665973437116e-01	2.630267991895382e-01
1511	2.464238975532097e-01	2.511886431509580e-01
1556	1.411367842824387e-01	1.412537544622754e-01
1700	1.151237989182556e-01	1.174897554939529e-01
1702	9.103613744986427e-02	9.120108393559097e-02
1838	8.225414499715122e-02	8.317637711026708e-02
1888	8.016087489428891e-02	8.128305161640990e-02
1950	5.927810748628337e-02	6.025595860743578e-02
2007	5.007198889762188e-02	5.011872336272722e-02
2016	4.023351313509782e-02	4.073802778041128e-02
2017	3.830962795278325e-02	3.890451449942807e-02
2214	3.790865420782918e-02	3.801893963205612e-02
2403	2.907793091171462e-02	2.951209226666385e-02
2430	2.756837529970912e-02	2.818382931264454e-02
2715	2.648027128909658e-02	2.691534803926915e-02
2773	2.623483203002530e-02	2.630267991895381e-02
2934	1.955222248781729e-02	1.995262314968880e-02
3289	1.947108279301302e-02	1.949844599758046e-02
3541	1.817095959843074e-02	1.819700858609984e-02
3965	1.698478385011515e-02	1.737800828749375e-02
4319	1.633514263541003e-02	1.659586907437561e-02
4402	1.601491347550610e-02	1.621810097358930e-02
4649	1.505871483279508e-02	1.513561248436208e-02
4812	1.260550368726554e-02	1.288249551693134e-02
5101	1.260001349242923e-02	1.288249551693134e-02
%
% index = 2770, name = bbob_f006_i23_d10__bbob_f006_i24_d10
% instance = 11, reference value = 1.000000000000000e+00
% function evaluation | indicator value | target hit
1	5.934395850869185e-01	6.025595860743578e-01
202	5.699494901808566e-01	5.754399373371569e-01
972	5.246069848208313e-01	5.248074602497725e-01
1532	5.054752779523448e-01	5.128613839913648e-01
1651	4.524548431616408e-01	4.570881896148750e-01
1714	4.430734101930167e-01	4.466835921509631e-01
2121	4.186094095064217e-01	4.265795188015927e-01
2390	4.163848920262782e-01	4.168693834703354e-01
2592	4.073473748299911e-01	4.073802778041127e-01
4007	3.925398982350956e-01	3.981071705534972e-01
5101	3.896794118320138e-01	3.981071705534972e-01
%
% index = 2771, name = bbob_f006_i25_d10__bbob_f006_i26_d10
% instance = 12, reference value = 1.000000000000000e+00
% function evaluation | indicator value | target hit
1	9.855247817730824e-01	1.000000000000000e+00
98	9.282446601485190e-01	9.332543007969910e-01
312	9.029302152714337e-01	9.120108393559098e-01
798	8.765031741111045e-01	8.912509381337456e-01
1172	8.059377294488808e-01	8.128305161640993e-01
1451	6.436252033369069e-01	6.456542290346555e-01
1708	5.296312319853160e-01	5.370317963702527e-01
2111	5.241687904585850e-01	5.248074602497725e-01
2309	5.117272599183729e-01	5.128613839913648e-01
2464	4.886122609058534e-01	4.897788193684462e-01
2523	4.444679840215364e-01	4.466835921509631e-01
2607	4.207969435163585e-01	4.265795188015927e-01
3025	4.022485346784601e-01	4.073802778041127e-01
3777	3.958722237047003e-01	3.981071705534972e-01
3958	3.847888231107284e-01	3.890451449942806e-01
4170	2.996422944004389e-01	3.019951720402016e-01
4344	2.941817367923234e-01	2.951209226666385e-01
4430	2.760030624254436e-01	2.818382931264454e-01
4892	2.595767076598632e-01	2.630267991895382e-01
5101	2.593289320245483e-01	2.630267991895382e-01
%
% index = 2772, name = bbob_f006_i27_d10__bbob_f006_i28_d10
% instance = 13, reference value = 1.000000000000000e+00
% function evaluation | indicator value | target hit
1	8.447980476104240e-01	8.511380382023764e-01
6	4.922245901210380e-01	5.011872336272722e-01
57	3.664368951872712e-01	3.715352290971726e-01
59	3.073564594765255e-01	3.090295432513591e-01
133	1.821770600729409e-01	1.862087136662867e-01
204	6.902049914216857e-02	6.918309709189366e-02
403	6.578958142222824e-02	6.606934480075961e-02
406	4.812598143049984e-02	4.897788193684462e-02
504	4.660222490758481e-02	4.677351412871981e-02
705	4.532076523940520e-02	4.570881896148749e-02
714	3.907945778788724e-02	3.981071705534973e-02
721	2.465041173003590e-02	2.511886431509579e-02
775	2.406522029819969e-02	2.454708915685030e-02
802	2.164997013465841e-02	2.187761623949553e-02
814	1.657931927191225e-02	1.659586907437561e-02
837	1.445157610807501e-02	1.445439770745927e-02
870	1.304735041833649e-02	1.318256738556407e-02
912	4.084642783274139e-03	4.168693834703355e-03
971	3.982250891034211e-03	4.073802778041126e-03
1305	3.947577546595804e-03	3.981071705534973e-03
1451	3.704378378994067e-03	3.715352290971724e-03
1499	3.432869041146147e-03	3.467368504525317e-03
1774	3.386099863215364e-03	3.388441561392024e-03
1805	3.310127187602818e-03	3.311311214825911e-03
1904	3.183508102944432e-03	3.235936569296281e-03
2103	3.133657023970171e-03	3.162277660168379e-03
2120	3.036951468337268e-03	3.090295432513592e-03
2312	2.986874818647789e-03	3.019951720402016e-03
2441	2.717448993835969e-03	2.754228703338166e-03
2507	2.257206997002492e-03	2.290867652767772e-03
2703	2.182738027920905e-03	2.187761623949552e-03
2739	2.137296389644439e-03	2.137962089502233e-03
3413	2.024498585583179e-03	2.041737944669530e-03
3607	1.984914088976053e-03	1.995262314968879e-03
4204	1.915859801718267e-03	1.949844599758046e-03
4324	1.903580428126772e-03	1.905460717963246e-03
4533	1.756310163092412e-03	1.778279410038923e-03
5041	1.622984904685376e-03	1.659586907437561e-03
5101	1.622984904685376e-03	1.659586907437561e-03
%
% index = 2773, name = bbob_f006_i29_d10__bbob_f006_i30_d10
% instance = 14, reference value = 1.000000000000000e+00
% function evaluation | indicator value | target hit
1	2.520007081994257e+00	2.570395782768863e+00
430	2.472681832692107e+00	2.511886431509580e+00
1532	2.382590210911000e+00	2.398832919019490e+00
1539	2.129515978362500e+00	2.137962089502232e+00
1603	1.981651107948751e+00	1.995262314968880e+00
2104	1.426066837294601e+00	1.445439770745927e+00
2633	1.311848824434135e+00	1.318256738556407e+00
2760	8.290672276493399e-01	8.317637711026710e-01
4719	8.126937314838298e-01	8.128305161640993e-01
5101	8.126937314838298e-01	8.128305161640993e-01
%
% index = 2774, name = bbob_f006_i31_d10__bbob_f006_i34_d10
% instance = 15, reference value = 1.000000000000000e+00
% function evaluation | indicator value | target hit
1	8.912117653413986e-01	8.912509381337456e-01
175	8.692256227876999e-01	8.709635899560807e-01
709	8.344206968717901e-01	8.511380382023764e-01
1274	8.276680830651384e-01	8.317637711026710e-01
1576	7.549159604467429e-01	7.585775750291838e-01
1605	5.505205852357085e-01	5.623413251903491e-01
1916	4.710191094590852e-01	4.786300923226383e-01
2029	3.729806701794172e-01	3.801893963205612e-01
2257	3.018360473461095e-01	3.019951720402016e-01
2655	2.936297013097454e-01	2.951209226666385e-01
2743	2.452344964695879e-01	2.454708915685030e-01
3245	1.813034699559637e-01	1.819700858609984e-01
3531	1.575618533655596e-01	1.584893192461113e-01
3618	1.474811268383054e-01	1.479108388168208e-01
3641	1.438123331092459e-01	1.445439770745928e-01
3813	1.189864141419075e-01	1.202264434617413e-01
3905	1.172081683933477e-01	1.174897554939529e-01
4006	1.026744868720169e-01	1.047128548050900e-01
4042	9.549071421249289e-02	9.549925860214359e-02
4378	5.122473893141422e-02	5.128613839913648e-02
4763	4.751866361580837e-02	4.786300923226382e-02
5101	4.751866361580837e-02	4.786300923226382e-02
