%
% index = 1470, name = bbob_f014_i02_d03__bbob_f020_i04_d03
% instance = 1, reference value = 9.895505854236860e-01
% function evaluation | indicator value | target hit
1	2.756000266963686e+00	2.818382931264454e+00
42	6.767623906471800e-01	6.918309709189365e-01
102	2.489894067671768e-01	2.511886431509580e-01
220	2.009280534844022e-01	2.041737944669530e-01
744	1.015532278768529e-01	1.023292992280754e-01
2241	8.186739795851861e-02	8.317637711026708e-02
2501	5.233148100116247e-02	5.248074602497726e-02
3102	3.456146621500000e-02	3.467368504525317e-02
5101	3.432184671394134e-02	3.467368504525317e-02
%
% index = 1471, name = bbob_f014_i03_d03__bbob_f020_i05_d03
% instance = 2, reference value = 7.449165199358290e-01
% function evaluation | indicator value | target hit
1	1.503136810567670e+03	1.513561248436209e+03
6	6.817866235400905e+01	6.918309709189366e+01
82	3.297652095602333e+01	3.311311214825911e+01
311	8.533919519243289e-01	8.709635899560807e-01
1798	7.231356240386813e-01	7.244359600749900e-01
2160	6.775784406427690e-01	6.918309709189365e-01
4615	6.456776280680858e-01	6.606934480075960e-01
5084	6.366897131163184e-01	6.456542290346555e-01
5101	6.317619287154493e-01	6.456542290346555e-01
%
% index = 1472, name = bbob_f014_i07_d03__bbob_f020_i08_d03
% instance = 3, reference value = 9.888301521017500e-01
% function evaluation | indicator value | target hit
1	9.904901112121978e-02	1.000000000000000e-01
23	4.742217357971668e-02	4.786300923226382e-02
64	4.196070894211112e-02	4.265795188015926e-02
215	4.060708619676900e-02	4.073802778041128e-02
252	3.787739598458761e-02	3.801893963205612e-02
295	3.597006466820263e-02	3.630780547701014e-02
379	3.519225792067582e-02	3.548133892335755e-02
414	3.124201408836502e-02	3.162277660168379e-02
421	2.997235395170195e-02	3.019951720402016e-02
514	1.912965302496161e-02	1.949844599758046e-02
517	1.853784322551832e-02	1.862087136662868e-02
695	1.741595234618809e-02	1.778279410038923e-02
886	1.216224422748047e-02	1.230268770812382e-02
945	1.188159208689510e-02	1.202264434617413e-02
1073	1.148076459578917e-02	1.148153621496883e-02
1088	1.113649920900872e-02	1.122018454301964e-02
1468	1.086664778418200e-02	1.096478196143185e-02
2137	1.063856203850033e-02	1.071519305237606e-02
2526	1.042869681817216e-02	1.047128548050900e-02
2554	9.733369144445669e-03	9.772372209558112e-03
2649	9.402315462489597e-03	9.549925860214359e-03
2726	9.040253371808360e-03	9.120108393559097e-03
2980	7.770908672882992e-03	7.943282347242814e-03
3208	7.135266832178022e-03	7.244359600749898e-03
3618	7.074299941903894e-03	7.079457843841380e-03
3860	6.415436590735180e-03	6.456542290346556e-03
3877	5.896886709615634e-03	6.025595860743574e-03
3976	5.883170792178927e-03	5.888436553555890e-03
4021	5.752356766951627e-03	5.754399373371567e-03
4219	5.556437618137289e-03	5.623413251903491e-03
4276	5.453158092567967e-03	5.495408738576248e-03
4810	5.292453512126816e-03	5.370317963702527e-03
4931	5.192300575420083e-03	5.248074602497728e-03
5101	5.144899277205628e-03	5.248074602497728e-03
%
% index = 1473, name = bbob_f014_i09_d03__bbob_f020_i10_d03
% instance = 4, reference value = 9.278143337209620e-01
% function evaluation | indicator value | target hit
1	4.768966145180815e-01	4.786300923226383e-01
10	4.109106298718967e-01	4.168693834703354e-01
187	3.004362429092857e-01	3.019951720402016e-01
192	2.491462585694091e-01	2.511886431509580e-01
203	2.379770882740386e-01	2.398832919019490e-01
220	2.161353149253741e-01	2.187761623949552e-01
323	2.100665449077136e-01	2.137962089502232e-01
359	1.805332807279423e-01	1.819700858609984e-01
507	1.762106226447684e-01	1.778279410038923e-01
545	1.379482552531842e-01	1.380384264602885e-01
548	1.345941545225399e-01	1.348962882591654e-01
626	1.237740882057324e-01	1.258925411794167e-01
785	1.203564920129910e-01	1.230268770812381e-01
872	1.066335292989075e-01	1.071519305237607e-01
982	1.024988926641192e-01	1.047128548050900e-01
1123	9.743867662297978e-02	9.772372209558107e-02
1196	8.624809932256261e-02	8.709635899560805e-02
1503	8.023849014953910e-02	8.128305161640990e-02
1555	7.845904007603854e-02	7.943282347242814e-02
1813	7.532179915984094e-02	7.585775750291836e-02
1899	7.355747825225334e-02	7.413102413009177e-02
1905	7.104228590872552e-02	7.244359600749903e-02
2008	6.065932926182260e-02	6.165950018614822e-02
2154	5.740963628128914e-02	5.754399373371569e-02
2608	4.890339572892699e-02	4.897788193684462e-02
2677	4.121646748526875e-02	4.168693834703355e-02
2820	3.689795936723717e-02	3.715352290971726e-02
2877	3.569576900938332e-02	3.630780547701014e-02
2912	3.407851894260450e-02	3.467368504525317e-02
3269	3.315572548445744e-02	3.388441561392026e-02
3311	3.244288691908503e-02	3.311311214825911e-02
3356	3.231346088850351e-02	3.235936569296283e-02
3509	2.913660771361248e-02	2.951209226666385e-02
3567	2.763624486231198e-02	2.818382931264454e-02
3728	2.749813858035088e-02	2.754228703338166e-02
4791	2.649043532048190e-02	2.691534803926915e-02
5054	2.435123901016878e-02	2.454708915685030e-02
5101	2.435123901016878e-02	2.454708915685030e-02
%
% index = 1474, name = bbob_f014_i11_d03__bbob_f020_i12_d03
% instance = 5, reference value = 9.721613923548090e-01
% function evaluation | indicator value | target hit
1	6.703969427971883e+00	6.760829753919817e+00
117	1.547549937722309e+00	1.548816618912481e+00
182	1.188375758362809e+00	1.202264434617413e+00
330	6.961848556418307e-01	7.079457843841379e-01
595	6.416464809837317e-01	6.456542290346555e-01
1802	6.206302909475638e-01	6.309573444801932e-01
2381	5.188382469303597e-01	5.248074602497725e-01
2468	4.430950260092323e-01	4.466835921509631e-01
4191	3.814789381114009e-01	3.890451449942806e-01
4401	3.442071215555876e-01	3.467368504525316e-01
4403	2.212524938635758e-01	2.238721138568339e-01
4513	1.990658399414252e-01	1.995262314968880e-01
5067	1.697599710005212e-01	1.698243652461744e-01
5101	1.697599710005212e-01	1.698243652461744e-01
%
% index = 1475, name = bbob_f014_i13_d03__bbob_f020_i14_d03
% instance = 6, reference value = 9.383482364031480e-01
% function evaluation | indicator value | target hit
1	3.063347581876797e+01	3.090295432513591e+01
2	3.371196742706212e+00	3.388441561392026e+00
55	1.022101064295648e+00	1.023292992280754e+00
834	5.349019497230332e-01	5.370317963702527e-01
871	4.339621146785811e-01	4.365158322401660e-01
2196	3.784482863650073e-01	3.801893963205612e-01
2664	3.671301524843307e-01	3.715352290971726e-01
4676	3.496216720196341e-01	3.548133892335755e-01
5101	3.496216720196341e-01	3.548133892335755e-01
%
% index = 1476, name = bbob_f014_i15_d03__bbob_f020_i16_d03
% instance = 7, reference value = 9.682274023873150e-01
% function evaluation | indicator value | target hit
1	2.185039743293162e+00	2.187761623949553e+00
17	1.079819238377815e+00	1.096478196143185e+00
322	8.444918602410718e-01	8.511380382023764e-01
406	6.533681006873985e-01	6.606934480075960e-01
568	3.071294718108389e-01	3.090295432513591e-01
943	2.120559674994046e-01	2.137962089502232e-01
958	1.752334340915296e-01	1.778279410038923e-01
1187	1.509830396005429e-01	1.513561248436208e-01
1316	1.060487563310394e-01	1.071519305237607e-01
1340	8.485148523982766e-02	8.511380382023763e-02
1980	5.180549117823985e-02	5.248074602497726e-02
2041	4.700986172492738e-02	4.786300923226382e-02
2456	4.375031987061950e-02	4.466835921509630e-02
3278	4.349783952857278e-02	4.365158322401658e-02
3337	4.142081101596418e-02	4.168693834703355e-02
4381	3.572715813333505e-02	3.630780547701014e-02
5101	3.565099140623262e-02	3.630780547701014e-02
%
% index = 1477, name = bbob_f014_i17_d03__bbob_f020_i18_d03
% instance = 8, reference value = 9.508017781255650e-01
% function evaluation | indicator value | target hit
1	2.685710774412065e+00	2.691534803926916e+00
5	1.482998002805565e+00	1.513561248436208e+00
83	2.388814400858992e-01	2.398832919019490e-01
180	1.446043756508755e-01	1.479108388168208e-01
370	1.439714188611617e-01	1.445439770745928e-01
594	1.373126060626099e-01	1.380384264602885e-01
699	1.312688427968088e-01	1.318256738556407e-01
741	1.239117129626762e-01	1.258925411794167e-01
975	1.194404502757704e-01	1.202264434617413e-01
1014	1.133734593896348e-01	1.148153621496883e-01
1402	1.039686672209948e-01	1.047128548050900e-01
1689	8.679696743857990e-02	8.709635899560805e-02
2918	8.405025388267073e-02	8.511380382023763e-02
3075	7.932423924320142e-02	7.943282347242814e-02
3164	7.731451264086420e-02	7.762471166286916e-02
3401	7.440663585948770e-02	7.585775750291836e-02
3749	6.604195741459196e-02	6.606934480075961e-02
3880	5.230307548693791e-02	5.248074602497726e-02
4027	4.832856544864428e-02	4.897788193684462e-02
4820	4.502301965475430e-02	4.570881896148749e-02
5101	4.502301965475430e-02	4.570881896148749e-02
%
% index = 1478, name = bbob_f014_i19_d03__bbob_f020_i21_d03
% instance = 9, reference value = 9.932367163086860e-01
% function evaluation | indicator value | target hit
1	2.355389366431886e-01	2.398832919019490e-01
4	2.226464746549911e-01	2.238721138568339e-01
5	2.037244617840264e-01	2.041737944669530e-01
9	1.242552821489444e-01	1.258925411794167e-01
14	1.207688159743940e-01	1.230268770812381e-01
18	6.723253936460361e-02	6.760829753919818e-02
19	6.576239020319063e-02	6.606934480075961e-02
47	3.038269934597571e-02	3.090295432513590e-02
76	2.754327841403881e-02	2.818382931264454e-02
174	2.627442814186798e-02	2.630267991895381e-02
184	2.375805711778334e-02	2.398832919019490e-02
210	1.743800397854856e-02	1.778279410038923e-02
239	1.533113297634758e-02	1.548816618912481e-02
402	1.281211096825696e-02	1.288249551693134e-02
503	1.235409598369541e-02	1.258925411794167e-02
511	1.174062871231585e-02	1.174897554939530e-02
521	1.059731962363342e-02	1.071519305237606e-02
558	1.011514822898074e-02	1.023292992280754e-02
568	9.824671081373415e-03	1.000000000000000e-02
589	9.072397679256272e-03	9.120108393559097e-03
595	6.983598125633761e-03	7.079457843841380e-03
629	6.561637786650421e-03	6.606934480075957e-03
675	6.338978053272659e-03	6.456542290346556e-03
679	5.940342598838466e-03	6.025595860743574e-03
702	5.853642834760420e-03	5.888436553555890e-03
742	5.548397330914945e-03	5.623413251903491e-03
785	5.308521435875679e-03	5.370317963702527e-03
906	5.204983939024466e-03	5.248074602497728e-03
1237	5.042396335283805e-03	5.128613839913648e-03
1267	5.011801900926205e-03	5.011872336272725e-03
1289	4.768287539331117e-03	4.786300923226385e-03
1328	4.527893723604515e-03	4.570881896148752e-03
1338	4.447050849409218e-03	4.466835921509630e-03
1361	4.341307885131762e-03	4.365158322401661e-03
1496	4.164755705818979e-03	4.168693834703355e-03
1503	3.930506195743533e-03	3.981071705534973e-03
1838	3.673728114382380e-03	3.715352290971724e-03
1878	3.611139746029335e-03	3.630780547701014e-03
1896	3.087457900020296e-03	3.090295432513592e-03
1939	2.955538801571289e-03	3.019951720402016e-03
1951	2.944522426755802e-03	2.951209226666387e-03
1971	2.722459646537168e-03	2.754228703338166e-03
2319	2.675711253090296e-03	2.691534803926917e-03
2521	2.611709500887072e-03	2.630267991895381e-03
2750	2.416348295281256e-03	2.454708915685031e-03
2969	2.360371136990280e-03	2.398832919019490e-03
3134	2.297549026546664e-03	2.344228815319923e-03
3139	2.290130261071055e-03	2.290867652767772e-03
3219	2.168461021655577e-03	2.187761623949552e-03
3522	2.131466056245035e-03	2.137962089502233e-03
3604	2.069807568274129e-03	2.089296130854039e-03
3633	2.014836666350273e-03	2.041737944669530e-03
3741	1.963512551222180e-03	1.995262314968879e-03
4032	1.923113379008412e-03	1.949844599758046e-03
4132	1.846908054909502e-03	1.862087136662868e-03
4383	1.736890326652918e-03	1.737800828749376e-03
5101	1.706932996246247e-03	1.737800828749376e-03
%
% index = 1479, name = bbob_f014_i21_d03__bbob_f020_i22_d03
% instance = 10, reference value = 7.882230279346319e-01
% function evaluation | indicator value | target hit
1	1.245521498321904e+03	1.258925411794168e+03
35	2.848011129221045e+02	2.884031503126606e+02
62	6.896559706316260e+00	6.918309709189364e+00
917	1.662464449259069e+00	1.698243652461744e+00
1260	1.655315130495132e+00	1.659586907437561e+00
2218	8.119321934976319e-01	8.128305161640993e-01
5101	8.119321934976319e-01	8.128305161640993e-01
%
% index = 1480, name = bbob_f014_i23_d03__bbob_f020_i24_d03
% instance = 11, reference value = 1.000000000000000e+00
% function evaluation | indicator value | target hit
1	3.867417175319500e+00	3.890451449942806e+00
38	9.357893601780646e-01	9.549925860214360e-01
81	1.424206868762594e-01	1.445439770745928e-01
414	1.075965732038672e-01	1.096478196143185e-01
753	9.780235770873669e-02	1.000000000000000e-01
1228	9.696917973266916e-02	9.772372209558107e-02
1669	9.457833188142351e-02	9.549925860214359e-02
1770	9.312876253720548e-02	9.332543007969910e-02
2035	8.207089749990382e-02	8.317637711026708e-02
2215	8.000806888017864e-02	8.128305161640990e-02
2815	7.553555943534718e-02	7.585775750291836e-02
3721	7.158355139580463e-02	7.244359600749903e-02
5101	7.136247334265877e-02	7.244359600749903e-02
%
% index = 1481, name = bbob_f014_i25_d03__bbob_f020_i26_d03
% instance = 12, reference value = 1.000000000000000e+00
% function evaluation | indicator value | target hit
1	5.246341509821859e-01	5.248074602497725e-01
91	2.640605947916846e-01	2.691534803926916e-01
383	2.404138358836627e-01	2.454708915685030e-01
470	1.827365182654149e-01	1.862087136662867e-01
484	1.680591622494554e-01	1.698243652461744e-01
519	1.152718972115290e-01	1.174897554939529e-01
644	9.683180587172935e-02	9.772372209558107e-02
705	7.829004457706645e-02	7.943282347242814e-02
936	5.951824577266462e-02	6.025595860743578e-02
978	5.541105789659839e-02	5.623413251903491e-02
1263	5.476449325418453e-02	5.495408738576246e-02
1294	4.484352290636495e-02	4.570881896148749e-02
1310	4.450373893656223e-02	4.466835921509630e-02
1317	3.880608005978070e-02	3.890451449942807e-02
1832	3.792297859785887e-02	3.801893963205612e-02
2664	3.543192758362501e-02	3.548133892335755e-02
2940	3.431139097770752e-02	3.467368504525317e-02
3124	3.275492336058838e-02	3.311311214825911e-02
3348	3.121129162499625e-02	3.162277660168379e-02
3428	2.891440768468756e-02	2.951209226666385e-02
3521	2.647700391586116e-02	2.691534803926915e-02
4026	2.570439338734720e-02	2.630267991895381e-02
4577	2.554840713780937e-02	2.570395782768863e-02
5101	2.554840713780937e-02	2.570395782768863e-02
%
% index = 1482, name = bbob_f014_i27_d03__bbob_f020_i28_d03
% instance = 13, reference value = 1.000000000000000e+00
% function evaluation | indicator value | target hit
1	4.061241296145174e-01	4.073802778041127e-01
6	1.282022699321196e-01	1.288249551693134e-01
136	1.147068941166446e-01	1.148153621496883e-01
154	9.665212568182202e-02	9.772372209558107e-02
157	7.760070450931167e-02	7.762471166286916e-02
160	7.022048363268174e-02	7.079457843841380e-02
218	5.938410875327038e-02	6.025595860743578e-02
292	5.115244396103558e-02	5.128613839913648e-02
476	4.963532672456950e-02	5.011872336272722e-02
495	4.629921052626840e-02	4.677351412871981e-02
599	4.523987023892073e-02	4.570881896148749e-02
635	4.267678652749707e-02	4.365158322401658e-02
684	4.223237197590557e-02	4.265795188015926e-02
782	4.027078405419127e-02	4.073802778041128e-02
792	3.443839003387372e-02	3.467368504525317e-02
831	3.117964900399406e-02	3.162277660168379e-02
835	3.027402505618371e-02	3.090295432513590e-02
909	2.841247531664948e-02	2.884031503126606e-02
932	2.809086653421466e-02	2.818382931264454e-02
1478	2.750638126732330e-02	2.754228703338166e-02
1972	2.634906666390935e-02	2.691534803926915e-02
1983	2.593542493496681e-02	2.630267991895381e-02
2144	2.566008386227969e-02	2.570395782768863e-02
2543	2.478317854146084e-02	2.511886431509579e-02
2757	2.454431834359205e-02	2.454708915685030e-02
2983	2.382013782507675e-02	2.398832919019490e-02
4011	2.287613185962045e-02	2.290867652767773e-02
4634	2.222533301585849e-02	2.238721138568340e-02
5101	2.194131105197172e-02	2.238721138568340e-02
%
% index = 1483, name = bbob_f014_i29_d03__bbob_f020_i30_d03
% instance = 14, reference value = 1.000000000000000e+00
% function evaluation | indicator value | target hit
1	2.030902297499826e+01	2.041737944669530e+01
3	1.110932888258578e+01	1.122018454301964e+01
7	9.108269072929035e+00	9.120108393559097e+00
43	7.499045893184055e+00	7.585775750291837e+00
174	5.060373658964346e+00	5.128613839913648e+00
300	3.284608108473255e+00	3.311311214825911e+00
506	9.881947411825960e-01	1.000000000000000e+00
792	3.950063663056974e-01	3.981071705534972e-01
1385	3.554863622498505e-01	3.630780547701014e-01
1665	2.841905631487240e-01	2.884031503126606e-01
2078	2.643121237673544e-01	2.691534803926916e-01
3191	2.604126690557805e-01	2.630267991895382e-01
5101	2.600113385331582e-01	2.630267991895382e-01
%
% index = 1484, name = bbob_f014_i31_d03__bbob_f020_i34_d03
% instance = 15, reference value = 1.000000000000000e+00
% function evaluation | indicator value | target hit
1	1.840302977101858e+03	1.862087136662868e+03
2	5.338045140887175e+02	5.370317963702527e+02
321	2.271531483832709e+02	2.290867652767772e+02
471	4.786374573404100e+01	4.897788193684461e+01
532	1.125696815184000e+00	1.148153621496883e+00
968	7.347067887881551e-01	7.413102413009175e-01
1076	7.165011381528877e-01	7.244359600749900e-01
5101	7.147804638136599e-01	7.244359600749900e-01
